1 0 1 6.589993e+06 2.440281e+06 
1 0 1 4.796887e+05 5.862805e+06 
1 0 1 5.354726e+06 5.433379e+06 
1 0 1 7.403811e+06 1.376323e+06 
1 0 1 5.592420e+06 3.214520e+06 
1 0 1 5.815216e+06 2.551589e+06 
1 0 1 5.449510e+06 3.016000e+06 
1 1 1 7.657690e+06 3.261260e+06 
1 0 1 5.687660e+06 6.313801e+06 
1 0 1 1.672637e+06 5.690135e+06 
1 0 1 6.635395e+06 6.091910e+06 
1 0 1 1.469654e+06 8.658393e+05 
1 0 1 6.858068e+06 8.221641e+06 
1 0 1 6.305583e+06 7.631459e+06 
1 0 1 5.104594e+06 3.852060e+06 
1 1 1 3.851505e+05 5.030378e+06 
1 0 1 6.555059e+06 6.862321e+06 
1 0 1 1.871351e+06 6.148040e+06 
1 0 1 5.683778e+06 8.154550e+06 
1 0 1 3.452754e+06 4.297223e+05 
1 0 1 2.644681e+06 2.640386e+06 
1 0 1 4.133374e+06 4.666635e+05 
1 0 1 7.967734e+05 2.005534e+06 
1 1 1 6.563548e+06 7.288278e+06 
1 0 1 5.234358e+06 2.789408e+06 
1 0 1 2.275393e+06 2.682171e+05 
1 0 1 7.292489e+06 2.077412e+06 
1 0 1 8.266317e+06 1.070272e+06 
1 0 1 4.470738e+06 3.175900e+06 
1 0 1 6.574754e+06 7.667945e+06 
1 0 1 3.029333e+06 7.642392e+06 
1 1 1 9.992654e+05 2.921558e+05 
1 0 1 7.587552e+06 7.807620e+06 
1 0 1 4.949247e+06 4.735207e+05 
1 0 1 7.400090e+06 7.126253e+06 
1 0 1 4.770935e+06 3.863671e+06 
1 0 1 5.671118e+05 3.214625e+06 
1 0 1 6.210945e+06 4.381601e+06 
1 0 1 4.167119e+06 6.964212e+06 
1 1 1 1.407291e+05 2.215084e+06 
1 0 1 1.190353e+06 2.765770e+05 
1 0 1 2.426940e+06 7.498293e+06 
1 0 1 1.368220e+06 8.296154e+06 
1 0 1 1.101444e+06 3.919993e+06 
1 0 1 3.105122e+06 5.516027e+06 
1 0 1 7.327994e+06 2.473596e+06 
1 0 1 2.288622e+06 6.785629e+05 
1 1 1 1.563182e+06 6.375421e+06 
1 0 1 7.630353e+06 5.407489e+06 
1 0 1 4.340679e+06 5.885406e+06 
1 0 1 3.781098e+05 7.467970e+06 
1 0 1 5.642344e+06 1.383055e+06 
1 0 1 4.215816e+06 4.461225e+06 
1 0 1 5.234513e+06 8.091387e+06 
1 0 1 4.774579e+06 4.845864e+06 
1 1 1 7.864218e+06 5.164045e+05 
1 0 1 5.528064e+06 8.338117e+05 
1 0 1 5.105885e+06 6.747396e+06 
1 0 1 2.710810e+05 4.378291e+06 
1 0 1 2.496852e+06 5.541918e+06 
1 0 1 5.014017e+06 5.163094e+05 
1 0 1 7.475624e+06 7.997146e+06 
1 0 1 1.517300e+06 6.169423e+05 
1 1 1 8.288211e+06 3.589535e+06 
1 0 1 6.366806e+06 7.744078e+06 
1 0 1 7.315837e+06 8.081288e+06 
1 0 1 2.489406e+06 5.956236e+06 
1 0 1 7.558956e+06 7.333327e+06 
1 0 1 6.950812e+06 2.953580e+05 
1 0 1 7.601218e+06 5.267480e+06 
1 0 1 4.803284e+06 6.192361e+06 
1 1 1 4.263271e+06 7.254691e+06 
1 0 1 1.176405e+06 5.512456e+06 
1 0 1 4.974392e+06 4.306431e+06 
1 0 1 2.052021e+06 8.166357e+06 
1 0 1 7.685763e+06 5.469453e+06 
1 0 1 9.269567e+05 4.317000e+06 
1 0 1 4.035362e+06 5.718671e+05 
1 0 1 3.261853e+06 6.754534e+06 
1 1 1 6.598946e+06 1.006442e+06 
1 0 1 3.455908e+06 6.694669e+06 
1 0 1 2.119970e+06 4.928134e+06 
1 0 1 3.081423e+05 5.717928e+06 
1 0 1 6.935868e+06 5.871276e+06 
1 0 1 2.950877e+06 4.103266e+06 
1 0 1 2.383430e+06 2.231123e+06 
1 0 1 6.416668e+06 4.902129e+06 
1 1 1 4.517739e+06 8.310382e+06 
1 0 1 6.452165e+06 4.916547e+06 
1 0 1 6.634158e+06 4.604715e+06 
1 0 1 6.410568e+05 3.978855e+06 
1 0 1 7.128031e+06 3.381275e+06 
1 0 1 1.986402e+06 4.542335e+06 
1 0 1 3.094618e+06 6.362940e+06 
1 0 1 6.451149e+06 2.905045e+06 
1 1 1 8.115583e+06 2.984726e+06 
1 0 1 1.620632e+06 7.638320e+05 
1 0 1 2.627604e+06 8.039170e+06 
1 0 1 5.355827e+06 1.746005e+06 
1 0 1 2.794431e+06 2.877424e+06 
1 0 1 7.506487e+06 4.229201e+06 
1 0 1 4.716272e+06 6.621502e+06 
1 0 1 2.943800e+06 1.847004e+06 
1 1 1 6.902417e+06 6.378860e+05 
1 0 1 6.894234e+05 2.598087e+06 
1 0 1 7.176417e+06 3.978694e+06 
1 0 1 2.719898e+06 3.859127e+06 
1 0 1 5.655387e+06 4.815580e+06 
1 0 1 7.070131e+06 6.360371e+05 
1 0 1 2.179779e+06 5.767663e+06 
1 0 1 3.628067e+06 2.715614e+06 
1 1 1 3.864803e+05 2.603430e+06 
1 0 1 3.578771e+06 5.163791e+06 
1 0 1 2.038555e+06 7.085996e+06 
1 0 1 7.405441e+06 7.786777e+06 
1 0 1 4.719714e+06 2.541628e+06 
1 0 1 6.460460e+06 4.254871e+06 
1 0 1 5.138737e+06 5.759420e+06 
1 0 1 7.038499e+05 5.990370e+06 
1 1 1 2.502984e+06 1.956151e+06 
1 0 1 2.662915e+06 2.365741e+06 
1 0 1 2.101881e+06 1.036368e+06 
1 0 1 5.604799e+06 2.335311e+06 
1 0 1 2.076754e+06 4.771167e+06 
1 0 1 4.307360e+05 6.905216e+06 
1 0 1 3.099209e+05 2.241190e+06 
1 0 1 2.534952e+06 5.555813e+06 
1 1 1 5.249234e+06 5.975547e+06 
1 0 1 2.313868e+06 8.355765e+06 
1 0 1 2.520326e+06 4.204919e+06 
1 0 1 1.110000e+06 7.529278e+06 
1 0 1 1.995998e+06 5.627926e+05 
1 0 1 3.067075e+06 8.296380e+06 
1 0 1 1.778591e+06 2.412015e+06 
1 0 1 4.232802e+06 5.289591e+06 
1 1 1 3.298261e+06 5.703922e+06 
1 0 1 1.090800e+06 5.892006e+05 
1 0 1 3.807058e+05 4.646685e+06 
1 0 1 7.472708e+06 4.913994e+06 
1 0 1 4.458931e+06 5.402601e+06 
1 0 1 3.418414e+06 2.192570e+06 
1 0 1 5.110426e+06 5.308196e+06 
1 0 1 6.369241e+06 1.962046e+06 
1 1 1 2.422004e+06 1.904032e+05 
1 0 1 2.444752e+06 2.970260e+06 
1 0 1 5.449494e+06 5.096932e+06 
1 0 1 6.343196e+06 7.418579e+06 
1 0 1 7.512021e+06 6.549498e+05 
1 0 1 4.411327e+06 3.787073e+05 
1 0 1 6.682471e+06 2.640995e+06 
1 0 1 1.975579e+06 2.243429e+06 
1 1 1 1.194402e+06 1.626149e+06 
1 0 1 6.990945e+06 6.250388e+06 
1 0 1 6.239904e+06 2.230886e+06 
1 0 1 9.514219e+05 4.108800e+05 
1 0 1 2.316259e+06 5.514333e+06 
1 0 1 5.257149e+06 4.815967e+06 
1 0 1 1.680728e+06 3.434078e+06 
1 0 1 2.384996e+06 6.996793e+06 
1 1 1 6.353126e+06 7.263762e+06 
1 0 1 3.497502e+06 6.228655e+06 
1 0 1 5.866614e+05 8.040094e+06 
1 0 1 5.764574e+06 2.181294e+06 
1 0 1 6.170876e+06 4.014942e+06 
1 0 1 7.309623e+06 2.705768e+06 
1 0 1 4.706204e+06 2.062340e+06 
1 0 1 1.128171e+06 1.993230e+06 
1 1 1 3.050710e+06 5.772105e+06 
1 0 1 3.273194e+05 5.777519e+06 
1 0 1 2.187897e+06 7.185592e+06 
1 0 1 4.581139e+06 3.862943e+06 
1 0 1 1.280655e+06 2.145710e+06 
1 0 1 3.285363e+06 8.091706e+06 
1 0 1 4.357243e+06 1.014047e+06 
1 0 1 7.674693e+06 3.830300e+06 
1 1 1 7.589029e+06 2.448637e+06 
1 0 1 6.561476e+06 4.689813e+05 
1 0 1 1.787141e+06 6.514124e+06 
1 0 1 5.845267e+06 7.615872e+06 
1 0 1 5.107679e+06 4.568073e+06 
1 0 1 6.317610e+06 7.358983e+06 
1 0 1 7.497516e+06 7.179235e+06 
1 0 1 5.731468e+06 3.419318e+06 
1 1 1 4.014393e+05 2.000077e+06 
1 0 1 1.170981e+05 3.201931e+06 
1 0 1 7.609499e+06 2.546745e+06 
1 0 1 7.275691e+06 1.234574e+06 
1 0 1 2.599735e+06 3.508485e+06 
1 0 1 1.763082e+06 6.437878e+06 
1 0 1 2.034621e+06 7.433492e+06 
1 0 1 2.495973e+06 1.599523e+06 
1 1 1 6.074355e+06 8.026307e+06 
1 0 1 7.562054e+06 5.876928e+06 
1 0 1 6.823898e+06 7.268097e+06 
1 0 1 7.450872e+06 1.933166e+06 
1 0 1 5.255258e+06 2.046336e+06 
1 0 1 3.713470e+06 6.566481e+06 
1 0 1 6.004812e+06 2.052134e+06 
1 0 1 6.189386e+06 7.615278e+06 
1 1 1 7.065158e+06 8.149249e+06 
1 0 1 1.198392e+06 7.188299e+06 
1 0 1 6.392554e+06 6.377536e+06 
1 0 1 3.853879e+06 3.221930e+06 
1 0 1 9.011771e+05 3.820774e+06 
1 0 1 1.235193e+06 2.462824e+06 
1 0 1 3.191173e+06 7.755658e+06 
1 0 1 1.622926e+06 5.494962e+06 
1 1 1 3.307030e+06 1.623078e+06 
1 0 1 2.662154e+05 6.726173e+06 
1 0 1 2.628363e+06 6.265807e+06 
1 0 1 4.954599e+06 2.486624e+06 
1 0 1 6.840937e+06 7.486938e+06 
1 0 1 4.945779e+06 6.838297e+06 
1 0 1 4.656749e+06 6.833142e+06 
1 0 1 3.217360e+05 7.117612e+06 
1 1 1 9.603770e+05 1.268142e+06 
1 0 1 6.107196e+06 1.694281e+06 
1 0 1 6.190864e+06 7.274359e+06 
1 0 1 1.753546e+06 6.113280e+06 
1 0 1 5.144733e+06 4.303123e+06 
1 0 1 8.047488e+06 1.547225e+06 
1 0 1 1.683910e+06 5.529105e+06 
1 0 1 6.200063e+06 3.140425e+06 
1 1 1 8.187950e+06 2.953735e+05 
1 0 1 2.753531e+06 5.460643e+06 
1 0 1 3.300946e+05 1.137680e+06 
1 0 1 2.002691e+06 7.208830e+06 
1 0 1 7.671200e+06 6.381726e+04 
1 0 1 2.065121e+06 5.114783e+06 
1 0 1 8.258699e+06 8.215058e+06 
1 0 1 5.194181e+06 7.955068e+06 
1 1 1 3.135332e+06 1.908957e+06 
1 0 1 4.766267e+06 4.698302e+06 
1 0 1 2.358059e+06 7.316536e+06 
1 0 1 7.093714e+06 5.435639e+06 
1 0 1 6.070572e+06 2.237579e+06 
1 0 1 1.023335e+06 1.265445e+06 
1 0 1 5.602801e+06 2.823191e+06 
1 0 1 5.181519e+06 6.503903e+06 
1 1 1 6.148315e+06 6.176394e+06 
1 0 1 5.024830e+05 1.904639e+06 
1 0 1 3.911436e+06 7.541006e+06 
1 0 1 4.565421e+06 4.792996e+05 
1 0 1 6.664687e+06 6.499905e+06 
1 0 1 4.269979e+06 2.160218e+05 
1 0 1 8.183318e+06 2.033134e+06 
1 0 1 7.558235e+06 3.761316e+06 
1 1 1 5.267536e+05 8.326459e+05 
1 0 1 3.091187e+06 4.307807e+06 
1 0 1 3.188270e+06 1.423215e+04 
1 0 1 6.019471e+06 2.894707e+06 
1 0 1 5.506172e+06 1.420485e+06 
1 0 1 5.210591e+06 3.561898e+06 
1 0 1 5.679788e+06 1.499969e+06 
1 0 1 7.444517e+06 1.341629e+06 
1 1 1 8.207880e+05 6.387413e+06 
1 0 1 7.500054e+06 2.078087e+06 
1 0 1 5.009956e+06 6.427125e+05 
1 0 1 2.235963e+06 7.099514e+06 
1 0 1 5.738281e+06 4.088770e+06 
1 0 1 2.992916e+06 1.789580e+06 
1 0 1 1.919635e+06 6.415457e+06 
1 0 1 3.323093e+06 6.900966e+06 
1 1 1 4.404253e+06 8.618367e+05 
1 0 1 4.058622e+05 7.875901e+06 
1 0 1 5.156774e+06 8.320638e+06 
1 0 1 3.999503e+06 8.243129e+06 
1 0 1 4.798843e+06 1.950326e+06 
1 0 1 9.816121e+05 1.093677e+06 
1 0 1 6.222872e+06 1.160256e+06 
1 0 1 1.569946e+06 3.325879e+06 
1 1 1 2.818535e+06 3.848006e+06 
1 0 1 8.633172e+05 1.429986e+06 
1 0 1 5.380442e+06 6.607560e+06 
1 0 1 3.123579e+06 2.571922e+06 
1 0 1 7.529932e+06 6.076653e+06 
1 0 1 3.411676e+06 1.563326e+06 
1 0 1 4.327200e+05 7.918544e+06 
1 0 1 3.528417e+06 5.000820e+06 
1 1 1 4.307921e+06 7.514746e+06 
1 0 1 1.558877e+06 7.843492e+05 
1 0 1 4.744250e+05 3.996061e+05 
1 0 1 5.727067e+06 3.988826e+06 
1 0 1 7.776358e+06 3.450763e+06 
1 0 1 7.298137e+06 5.955913e+06 
1 0 1 7.905145e+06 4.027968e+06 
1 0 1 3.645783e+06 4.295576e+06 
1 1 1 4.399741e+06 3.934685e+06 
1 0 1 8.040840e+06 7.181474e+06 
1 0 1 2.563006e+06 6.042502e+06 
1 0 1 7.169058e+06 2.581095e+06 
1 0 1 1.315357e+06 6.468169e+05 
1 0 1 6.275444e+06 4.481303e+06 
1 0 1 3.807751e+06 6.647359e+06 
1 0 1 1.835232e+06 2.571190e+06 
1 1 1 6.136581e+06 3.858139e+06 
1 0 1 3.397746e+06 2.111289e+06 
1 0 1 4.874995e+06 6.780742e+06 
1 0 1 4.230685e+05 1.247775e+06 
1 0 1 4.122246e+06 7.480077e+06 
1 0 1 2.625806e+06 2.372518e+06 
1 0 1 5.428445e+05 5.076375e+05 
1 0 1 4.857731e+06 7.020954e+06 
1 1 1 2.914147e+06 2.922833e+06 
1 0 1 3.483531e+05 3.282616e+06 
1 0 1 7.267106e+06 2.118916e+05 
1 0 1 1.437625e+06 6.970325e+06 
1 0 1 1.076330e+05 3.914876e+06 
1 0 1 6.976164e+06 7.551977e+06 
1 0 1 4.253470e+06 7.035773e+06 
1 0 1 4.761850e+06 6.492457e+06 
1 1 1 2.623294e+06 9.025510e+05 
1 0 1 5.826580e+06 6.222260e+06 
1 0 1 3.329695e+06 2.907372e+06 
1 0 1 4.559960e+05 3.144607e+06 
1 0 1 3.077412e+06 2.383815e+06 
1 0 1 7.670448e+06 5.537709e+06 
1 0 1 3.569636e+06 5.243721e+06 
1 0 1 5.034190e+06 8.225101e+06 
1 1 1 6.411673e+06 6.030573e+06 
1 0 1 7.387529e+06 8.934120e+04 
1 0 1 4.794386e+06 8.150400e+06 
1 0 1 4.476412e+06 5.261067e+05 
1 0 1 4.737006e+06 1.913664e+06 
1 0 1 3.695840e+06 8.296809e+05 
1 0 1 1.066324e+06 6.724549e+06 
1 0 1 2.138114e+06 4.193704e+06 
1 1 1 4.387205e+06 1.644587e+05 
1 0 1 7.356923e+06 3.859625e+06 
1 0 1 8.220323e+06 4.777102e+06 
1 0 1 7.334196e+06 2.026054e+06 
1 0 1 9.861597e+05 1.270074e+06 
1 0 1 4.990710e+05 1.679449e+06 
1 0 1 7.283341e+06 6.466561e+06 
1 0 1 7.817098e+06 6.774052e+05 
1 1 1 5.862920e+05 8.198229e+06 
1 0 1 4.376351e+06 6.607699e+06 
1 0 1 2.598407e+06 9.941835e+05 
1 0 1 4.072066e+06 3.483602e+06 
1 0 1 7.682631e+06 1.337628e+06 
1 0 1 1.707987e+06 1.259042e+06 
1 0 1 8.033740e+06 6.280394e+06 
1 0 1 1.731845e+06 5.584307e+06 
1 1 1 1.841832e+06 3.769003e+06 
1 0 1 7.888433e+06 4.881664e+06 
1 0 1 1.239222e+06 5.280887e+06 
1 0 1 1.546043e+06 6.953532e+05 
1 0 1 1.794556e+06 4.416066e+06 
1 0 1 5.592721e+06 3.850364e+06 
1 0 1 1.807398e+06 1.847806e+06 
1 0 1 7.466603e+06 2.529609e+06 
1 1 1 2.097660e+06 7.521366e+06 
1 0 1 1.004349e+06 5.580090e+06 
1 0 1 2.747037e+06 2.735477e+06 
1 0 1 6.924697e+06 4.615509e+06 
1 0 1 5.408787e+06 7.089458e+06 
1 0 1 4.991213e+06 2.776516e+06 
1 0 1 1.773424e+06 5.248648e+06 
1 0 1 2.206720e+06 8.184338e+06 
1 1 1 1.353553e+06 6.665105e+06 
1 0 1 7.754707e+06 3.911673e+06 
1 0 1 5.146957e+06 3.443430e+06 
1 0 1 8.130445e+06 5.479438e+06 
1 0 1 6.471055e+06 3.482739e+06 
1 0 1 1.250496e+06 4.146646e+06 
1 0 1 7.119365e+06 5.685680e+06 
1 0 1 3.740717e+06 4.169787e+06 
1 1 1 1.309698e+06 5.854119e+06 
1 0 1 1.717079e+06 5.682230e+06 
1 0 1 1.044452e+06 4.995177e+06 
1 0 1 6.483708e+06 4.861882e+06 
1 0 1 5.737256e+06 3.584477e+06 
1 0 1 2.322013e+06 8.204397e+06 
1 0 1 8.094313e+06 6.107359e+06 
1 0 1 6.079873e+06 5.410355e+06 
1 1 1 7.201597e+05 4.428382e+06 
1 0 1 7.143258e+06 1.761491e+06 
1 0 1 6.935194e+06 1.731489e+06 
1 0 1 3.988746e+06 2.515984e+06 
1 0 1 2.893817e+06 7.784208e+06 
1 0 1 2.526753e+05 6.040101e+06 
1 0 1 3.155926e+06 4.932738e+06 
1 0 1 2.767793e+06 7.255532e+06 
1 1 1 7.171881e+06 4.597790e+06 
1 0 1 3.641802e+05 4.475997e+06 
1 0 1 6.922848e+06 4.750255e+06 
1 0 1 1.839097e+06 2.712353e+06 
1 0 1 5.456228e+05 3.135851e+06 
1 0 1 2.168685e+06 2.186099e+06 
1 0 1 3.963494e+06 7.955178e+05 
1 0 1 5.297023e+05 6.849136e+06 
1 1 1 5.741849e+05 2.496745e+06 
1 0 1 6.606622e+06 3.828329e+06 
1 0 1 7.635121e+06 4.619364e+06 
1 0 1 3.600538e+06 3.347504e+06 
1 0 1 5.309704e+05 6.007852e+06 
1 0 1 6.039158e+06 6.217407e+06 
1 0 1 5.782882e+06 2.184526e+06 
1 0 1 8.279579e+04 2.936863e+06 
1 1 1 7.517541e+06 6.234716e+06 
1 0 1 2.466136e+06 1.546378e+06 
1 0 1 1.366976e+06 6.357728e+05 
1 0 1 3.665643e+06 2.278512e+06 
1 0 1 1.988984e+06 1.229345e+06 
1 0 1 3.949564e+06 6.111838e+06 
1 0 1 3.283297e+06 1.308761e+06 
1 0 1 1.187763e+06 7.587626e+06 
1 1 1 2.956295e+06 1.337660e+06 
1 0 1 7.313834e+06 6.742029e+06 
1 0 1 6.158538e+06 4.128631e+06 
1 0 1 3.370894e+06 7.236022e+06 
1 0 1 1.516966e+06 7.764226e+06 
1 0 1 6.895740e+06 5.759433e+06 
1 0 1 3.935606e+06 7.448572e+06 
1 0 1 8.240624e+06 2.712498e+05 
1 1 1 6.918696e+06 5.530760e+06 
1 0 1 3.760438e+06 4.812708e+06 
1 0 1 6.693403e+06 5.307959e+06 
1 0 1 6.624516e+06 4.996195e+05 
1 0 1 3.266571e+06 3.525179e+06 
1 0 1 5.570641e+06 5.322326e+06 
1 0 1 7.426462e+06 5.129697e+06 
1 0 1 5.161919e+06 7.358166e+06 
1 1 1 6.432915e+06 6.292219e+06 
1 0 1 9.699067e+05 1.712027e+06 
1 0 1 9.752612e+05 7.058676e+06 
1 0 1 3.200873e+06 3.808812e+06 
1 0 1 6.198128e+05 2.110991e+05 
1 0 1 8.062413e+06 1.328710e+06 
1 0 1 7.831960e+06 1.986130e+06 
1 0 1 6.337926e+05 5.641805e+06 
1 1 1 7.073900e+05 5.214996e+05 
1 0 1 5.831499e+06 1.727177e+04 
1 0 1 1.315814e+06 2.303095e+06 
1 0 1 2.644333e+06 5.989768e+06 
1 0 1 4.796494e+06 4.321753e+06 
1 0 1 4.842995e+06 4.146249e+04 
1 0 1 2.954759e+06 4.569566e+06 
1 0 1 7.722893e+05 2.284418e+06 
1 1 1 4.955386e+06 3.881681e+04 
1 0 1 2.579559e+05 3.160049e+06 
1 0 1 1.388443e+06 2.568800e+06 
1 0 1 2.264710e+06 2.577061e+06 
1 0 1 4.899131e+06 4.517421e+06 
1 0 1 6.632627e+06 3.126593e+06 
1 0 1 6.308311e+06 5.474230e+06 
1 0 1 4.630001e+06 7.138033e+06 
1 1 1 3.567244e+06 4.818422e+06 
1 0 1 6.444581e+06 4.525775e+06 
1 0 1 8.256658e+06 8.857126e+05 
1 0 1 2.525011e+06 3.186445e+06 
1 0 1 3.965429e+06 1.867042e+06 
1 0 1 2.690583e+06 1.902963e+06 
1 0 1 1.825177e+05 1.298002e+05 
1 0 1 6.575409e+06 1.564231e+05 
1 1 1 7.572624e+06 1.649240e+06 
1 0 1 5.108954e+06 4.386161e+06 
1 0 1 5.928484e+06 2.962825e+06 
1 0 1 6.366067e+06 4.241076e+06 
1 0 1 6.423781e+06 3.041138e+06 
1 0 1 7.759610e+06 7.558968e+06 
1 0 1 4.628120e+06 4.370675e+06 
1 0 1 1.501767e+06 5.108018e+06 
1 1 1 6.106573e+06 7.347930e+06 
1 0 1 3.970511e+06 6.310027e+06 
1 0 1 1.518743e+06 1.789773e+05 
1 0 1 1.084407e+06 7.214641e+06 
1 0 1 6.683282e+06 1.573638e+06 
1 0 1 1.436256e+06 5.667079e+06 
1 0 1 3.354558e+06 7.847768e+06 
1 0 1 3.994950e+06 3.374198e+06 
1 1 1 1.594032e+06 2.827513e+06 
1 0 1 3.699214e+06 1.157492e+06 
1 0 1 8.223678e+06 3.688052e+06 
1 0 1 6.743114e+06 6.859071e+06 
1 0 1 1.942196e+06 5.379265e+06 
1 0 1 2.162666e+06 1.041084e+06 
1 0 1 3.414648e+06 5.678457e+05 
1 0 1 9.207359e+05 4.442240e+06 
1 1 1 1.774207e+06 2.178305e+05 
1 0 1 8.339283e+06 6.246500e+06 
1 0 1 8.239585e+06 7.980771e+06 
1 0 1 3.956133e+06 8.284049e+06 
1 0 1 7.154821e+06 2.592726e+06 
1 0 1 7.983741e+06 9.533542e+05 
1 0 1 9.837638e+05 5.833560e+03 
1 0 1 2.543060e+06 3.096917e+06 
1 1 1 1.009495e+06 5.971953e+06 
1 0 1 8.032208e+06 2.703549e+06 
1 0 1 6.618476e+06 5.632832e+06 
1 0 1 9.195117e+05 6.073038e+06 
1 0 1 7.403803e+06 4.136638e+03 
1 0 1 8.551648e+05 3.107006e+06 
1 0 1 7.672969e+06 8.380125e+06 
1 0 1 1.430206e+06 1.448019e+06 
1 1 1 8.646173e+05 5.084735e+06 
1 0 1 3.455185e+06 2.145661e+06 
1 0 1 1.691855e+06 1.574451e+06 
1 0 1 7.413621e+06 5.296683e+06 
1 0 1 5.221291e+06 5.521958e+06 
1 0 1 1.485492e+06 5.249999e+06 
1 0 1 7.352243e+06 1.494875e+06 
1 0 1 5.415466e+06 7.416554e+06 
1 1 1 2.101483e+06 4.917579e+06 
1 0 1 4.084187e+06 7.038766e+06 
1 0 1 4.334860e+05 6.203146e+06 
1 0 1 4.651618e+06 3.602676e+06 
1 0 1 6.540787e+06 3.327487e+06 
1 0 1 2.996655e+06 5.532056e+06 
1 0 1 3.306553e+06 1.497178e+06 
1 0 1 4.554597e+05 2.073003e+06 
1 1 1 7.564959e+06 8.241330e+06 
1 0 1 4.061001e+06 1.214247e+06 
1 0 1 4.292170e+06 8.334314e+06 
1 0 1 6.396892e+06 8.103595e+06 
1 0 1 7.800403e+06 1.983827e+06 
1 0 1 8.180752e+05 3.437436e+06 
1 0 1 1.100356e+06 6.329764e+06 
1 0 1 2.920101e+06 3.773059e+06 
1 1 1 1.672147e+06 6.178361e+06 
1 0 1 1.705970e+06 6.443796e+06 
1 0 1 2.024005e+06 5.148370e+06 
1 0 1 2.900544e+06 6.061875e+06 
1 0 1 9.833388e+05 1.516563e+06 
1 0 1 1.626253e+06 3.024500e+06 
1 0 1 3.392300e+06 1.893981e+06 
1 0 1 5.612458e+06 8.029683e+06 
1 1 1 3.621070e+06 6.742882e+06 
1 0 1 6.695696e+06 8.348687e+06 
1 0 1 1.776744e+06 2.760010e+06 
1 0 1 6.394987e+06 6.348159e+06 
1 0 1 8.063772e+06 4.780603e+06 
1 0 1 5.104519e+06 3.062616e+06 
1 0 1 2.881886e+06 5.033064e+06 
1 0 1 4.409296e+06 4.068194e+06 
1 1 1 5.499993e+06 3.208809e+05 
1 0 1 1.593188e+06 7.790880e+06 
1 0 1 4.890388e+06 1.292719e+05 
1 0 1 2.463527e+06 3.796699e+05 
1 0 1 6.666691e+06 5.967370e+06 
1 0 1 4.499324e+06 4.922390e+06 
1 0 1 1.769555e+06 3.472171e+06 
1 0 1 4.327017e+06 7.032463e+06 
1 1 1 5.535732e+06 4.036398e+06 
1 0 1 7.153509e+06 4.039351e+06 
1 0 1 2.284183e+06 6.133714e+06 
1 0 1 8.132498e+06 3.150951e+06 
1 0 1 2.001523e+06 2.035955e+06 
1 0 1 1.588752e+05 8.243092e+06 
1 0 1 6.732861e+06 4.726857e+06 
1 0 1 3.261734e+06 5.473805e+06 
1 1 1 8.335828e+06 5.987502e+06 
1 0 1 8.587165e+05 3.752131e+06 
1 0 1 5.811584e+06 2.793037e+06 
1 0 1 7.732190e+06 5.305719e+06 
1 0 1 7.819738e+06 3.572878e+06 
1 0 1 2.520690e+06 7.457713e+06 
1 0 1 1.457420e+05 1.241976e+06 
1 0 1 8.046037e+06 5.993404e+06 
1 1 1 2.570829e+06 6.946574e+06 
1 0 1 6.777088e+06 7.627384e+06 
1 0 1 5.392306e+06 5.273796e+06 
1 0 1 9.938075e+05 7.708899e+06 
1 0 1 5.234333e+06 2.160779e+06 
1 0 1 7.980113e+06 3.876020e+05 
1 0 1 1.755496e+05 7.386180e+05 
1 0 1 4.343981e+06 7.370766e+06 
1 1 1 3.373723e+06 4.708721e+06 
1 0 1 5.017695e+06 6.295722e+05 
1 0 1 3.284056e+06 2.977831e+06 
1 0 1 2.053439e+06 9.062072e+05 
1 0 1 9.419501e+05 2.241474e+06 
1 0 1 2.234661e+06 7.852419e+06 
1 0 1 1.561765e+06 4.256674e+06 
1 0 1 1.238110e+06 7.723392e+06 
1 1 1 7.796886e+06 1.147154e+06 
1 0 1 7.311252e+06 1.036421e+05 
1 0 1 6.056878e+06 7.370108e+06 
1 0 1 3.250139e+06 2.067208e+06 
1 0 1 9.372051e+05 7.103315e+06 
1 0 1 5.533621e+06 6.540281e+06 
1 0 1 3.007842e+06 1.544640e+06 
1 0 1 8.539232e+04 7.207055e+05 
1 1 1 2.763771e+06 2.523546e+06 
1 0 1 4.249427e+06 3.243080e+06 
1 0 1 7.862612e+06 1.338329e+06 
1 0 1 6.540681e+06 1.488661e+06 
1 0 1 6.755291e+06 4.717617e+06 
1 0 1 3.943273e+06 3.016641e+06 
1 0 1 3.118670e+06 3.211768e+06 
1 0 1 2.150057e+06 8.154045e+06 
1 1 1 5.541217e+06 4.238651e+06 
1 0 1 1.661118e+06 8.756379e+05 
1 0 1 7.452551e+06 3.044729e+06 
1 0 1 3.806026e+06 5.435285e+05 
1 0 1 7.136710e+06 2.344054e+06 
1 0 1 7.649736e+06 5.013886e+05 
1 0 1 5.167100e+06 4.730699e+06 
1 0 1 5.605854e+06 2.813900e+06 
1 1 1 3.170414e+05 2.397340e+06 
1 0 1 7.811883e+06 6.709643e+06 
1 0 1 2.777256e+06 6.185923e+06 
1 0 1 4.760031e+06 1.347518e+05 
1 0 1 3.569475e+06 2.464442e+05 
1 0 1 6.578151e+06 8.227671e+06 
1 0 1 5.787671e+06 6.540475e+06 
1 0 1 5.016207e+06 2.387477e+06 
1 1 1 6.260039e+06 5.820639e+06 
1 0 1 3.712153e+06 3.515903e+06 
1 0 1 1.264762e+06 4.532298e+06 
1 0 1 1.647189e+06 6.284600e+06 
1 0 1 6.003393e+06 5.909750e+06 
1 0 1 6.176426e+06 5.508691e+06 
1 0 1 7.475056e+06 4.119474e+06 
1 0 1 2.867035e+06 8.075786e+06 
1 1 1 1.048109e+06 1.749966e+06 
1 0 1 1.299984e+06 6.774681e+06 
1 0 1 5.651118e+05 4.115478e+06 
1 0 1 5.019895e+06 3.062011e+06 
1 0 1 5.776051e+06 7.188258e+06 
1 0 1 7.555103e+06 7.981723e+06 
1 0 1 7.550140e+06 5.483571e+04 
1 0 1 3.517528e+05 7.305573e+06 
1 1 1 3.727902e+06 3.712299e+06 
1 0 1 2.773262e+06 7.882549e+06 
1 0 1 5.979746e+06 7.876123e+06 
1 0 1 4.453981e+06 1.828967e+05 
1 0 1 6.881939e+06 2.411692e+06 
1 0 1 7.276108e+06 7.215971e+06 
1 0 1 4.619039e+06 3.835595e+06 
1 0 1 7.130522e+06 2.917376e+06 
1 1 1 2.000356e+06 4.272973e+05 
1 0 1 1.132114e+06 4.849734e+06 
1 0 1 7.586401e+06 6.469012e+06 
1 0 1 5.906781e+06 3.543441e+06 
1 0 1 8.035083e+06 6.338342e+06 
1 0 1 3.070260e+06 4.618886e+06 
1 0 1 1.857485e+06 2.147021e+06 
1 0 1 6.167753e+06 2.646985e+06 
1 1 1 3.543393e+06 6.278386e+06 
1 0 1 2.961925e+06 3.745166e+06 
1 0 1 2.846680e+05 6.107028e+06 
1 0 1 5.212478e+06 1.055242e+06 
1 0 1 1.807375e+06 2.586856e+06 
1 0 1 2.596434e+05 1.689928e+06 
1 0 1 5.656421e+05 1.277162e+03 
1 0 1 5.338757e+06 6.733988e+06 
1 1 1 3.307947e+06 2.203988e+06 
1 0 1 2.380925e+06 5.986482e+06 
1 0 1 1.628604e+06 4.866067e+06 
1 0 1 2.075949e+06 7.850955e+06 
1 0 1 4.735846e+06 7.378696e+06 
1 0 1 8.327171e+06 7.937745e+06 
1 0 1 4.012911e+06 1.048528e+06 
1 0 1 5.381794e+05 3.243580e+06 
1 1 1 4.682904e+06 7.737897e+06 
1 0 1 7.837547e+06 6.919024e+06 
1 0 1 1.539998e+06 3.297630e+06 
1 0 1 7.656972e+06 4.480945e+06 
1 0 1 3.787134e+06 2.395757e+06 
1 0 1 5.224208e+06 1.524818e+06 
1 0 1 7.777464e+06 5.989245e+06 
1 0 1 6.982407e+06 4.164798e+06 
1 1 1 8.080049e+06 7.074232e+06 
1 0 1 9.554420e+05 7.853241e+06 
1 0 1 5.774419e+06 2.576240e+06 
1 0 1 7.219694e+06 7.956247e+06 
1 0 1 5.719699e+06 4.724423e+06 
1 0 1 1.258074e+06 8.272931e+06 
1 0 1 6.836916e+06 7.652256e+06 
1 0 1 5.737522e+06 2.542007e+06 
1 1 1 6.138762e+06 2.317020e+06 
1 0 1 5.160996e+06 2.473399e+06 
1 0 1 4.347610e+06 6.198542e+06 
1 0 1 6.241301e+06 3.384463e+06 
1 0 1 1.349965e+06 1.879129e+05 
1 0 1 8.881738e+05 7.818174e+06 
1 0 1 5.163603e+06 5.312371e+06 
1 0 1 5.609590e+04 1.802424e+06 
1 1 1 6.795043e+05 1.354465e+06 
1 0 1 7.701041e+05 1.125192e+06 
1 0 1 6.022700e+05 2.255255e+06 
1 0 1 3.361039e+05 6.241796e+06 
1 0 1 7.925835e+06 1.856907e+06 
1 0 1 5.037907e+06 3.658215e+06 
1 0 1 1.455931e+06 1.634889e+06 
1 0 1 1.586461e+06 7.800497e+06 
1 1 1 4.114980e+06 6.680053e+06 
1 0 1 1.550207e+06 1.910795e+06 
1 0 1 7.128709e+06 4.146380e+06 
1 0 1 8.268975e+06 1.444742e+06 
1 0 1 7.970042e+06 3.207259e+06 
1 0 1 3.755021e+06 3.018987e+06 
1 0 1 1.211877e+06 6.850464e+06 
1 0 1 1.524306e+06 6.987482e+06 
1 1 1 3.408255e+06 3.535386e+06 
1 0 1 4.473260e+06 3.609765e+06 
1 0 1 2.031140e+04 5.575567e+06 
1 0 1 2.154093e+06 4.965413e+06 
1 0 1 3.001860e+06 4.597407e+06 
1 0 1 6.548890e+06 4.688228e+06 
1 0 1 2.530779e+06 3.863917e+06 
1 0 1 7.725223e+06 7.433825e+06 
1 1 1 7.377561e+06 8.139828e+06 
1 0 1 6.310793e+06 1.303866e+05 
1 0 1 8.324367e+06 3.823219e+06 
1 0 1 4.366256e+06 7.456887e+05 
1 0 1 6.585935e+06 6.020452e+06 
1 0 1 4.575160e+06 6.242263e+06 
1 0 1 5.765686e+06 5.127902e+06 
1 0 1 6.907307e+05 3.162526e+06 
1 1 1 3.397132e+06 5.766145e+06 
1 0 1 3.397509e+06 4.651204e+06 
1 0 1 5.186387e+06 3.501923e+06 
1 0 1 7.087357e+06 4.626401e+06 
1 0 1 6.821195e+06 2.645725e+06 
1 0 1 7.208859e+06 1.823390e+06 
1 0 1 9.676735e+05 7.203424e+05 
1 0 1 1.297152e+06 6.729174e+06 
1 1 1 8.090580e+06 1.650812e+06 
1 0 1 6.526753e+06 2.221543e+05 
1 0 1 9.552852e+05 1.565504e+06 
1 0 1 7.762862e+06 4.611301e+06 
1 0 1 2.615002e+05 7.353080e+06 
1 0 1 7.970959e+06 4.050027e+06 
1 0 1 3.631440e+06 5.199324e+06 
1 0 1 1.931529e+06 5.876627e+06 
1 1 1 8.229162e+06 1.371665e+06 
1 0 1 5.291405e+06 5.383735e+06 
1 0 1 5.339577e+06 8.281358e+06 
1 0 1 3.245670e+06 2.195504e+06 
1 0 1 3.840377e+06 9.594407e+05 
1 0 1 3.004001e+06 6.587985e+06 
1 0 1 2.559494e+06 6.129338e+06 
1 0 1 5.411305e+06 7.041109e+06 
1 1 1 4.367195e+06 3.199492e+06 
1 0 1 5.194606e+06 5.073096e+06 
1 0 1 4.492558e+06 6.124620e+06 
1 0 1 3.156745e+06 1.021245e+06 
1 0 1 3.077967e+06 6.801313e+06 
1 0 1 7.530487e+06 2.908450e+06 
1 0 1 1.334040e+05 2.414522e+05 
1 0 1 7.127316e+06 7.881592e+06 
1 1 1 6.398040e+06 8.101740e+06 
1 0 1 4.133215e+06 4.655201e+06 
1 0 1 5.471362e+06 8.163198e+06 
1 0 1 7.581034e+06 2.100905e+05 
1 0 1 4.817771e+06 6.118447e+06 
1 0 1 1.272303e+06 4.150887e+05 
1 0 1 4.487391e+06 3.344373e+05 
1 0 1 4.194134e+06 1.764413e+06 
1 1 1 3.992900e+06 5.486564e+06 
1 0 1 4.108136e+05 7.200054e+06 
1 0 1 3.314194e+05 5.373363e+06 
1 0 1 4.248281e+06 4.841199e+06 
1 0 1 7.374045e+06 1.546469e+06 
1 0 1 1.689947e+06 1.106965e+06 
1 0 1 6.897170e+06 6.168504e+06 
1 0 1 7.495117e+06 1.339534e+06 
1 1 1 3.542442e+06 5.275660e+06 
1 0 1 5.006164e+06 2.480842e+06 
1 0 1 6.560093e+06 3.202538e+06 
1 0 1 8.260860e+06 1.720738e+06 
1 0 1 6.541020e+06 7.088540e+06 
1 0 1 3.869540e+06 5.696917e+06 
1 0 1 6.687020e+06 1.976145e+06 
1 0 1 6.310160e+06 7.718041e+06 
1 1 1 8.343632e+06 7.406831e+06 
1 0 1 4.222841e+06 4.932675e+04 
1 0 1 1.265538e+05 8.047765e+05 
1 0 1 6.601501e+06 4.643871e+06 
1 0 1 6.035764e+06 1.916616e+06 
1 0 1 1.064674e+05 1.008511e+06 
1 0 1 5.309806e+06 1.275974e+05 
1 0 1 7.887521e+06 8.384966e+06 
1 1 1 3.172727e+06 7.509531e+06 
1 0 1 4.949699e+06 7.004955e+06 
1 0 1 4.046211e+06 4.986276e+05 
1 0 1 3.861581e+06 2.673538e+06 
1 0 1 7.634979e+06 7.531805e+06 
1 0 1 5.462394e+06 2.064043e+06 
1 0 1 1.963140e+06 4.600606e+06 
1 0 1 3.295241e+06 6.331678e+06 
1 1 1 3.293139e+06 2.226509e+06 
1 0 1 2.909935e+06 7.837163e+06 
1 0 1 3.136108e+06 4.047725e+06 
1 0 1 1.998289e+06 4.456440e+06 
1 0 1 1.762629e+06 2.476376e+06 
1 0 1 4.462622e+06 4.257926e+06 
1 0 1 4.186926e+06 7.646195e+06 
1 0 1 6.126565e+06 7.547333e+06 
1 1 1 6.752199e+06 3.757544e+06 
1 0 1 1.971371e+06 5.630746e+05 
1 0 1 2.384032e+06 3.621680e+06 
1 0 1 3.817860e+06 8.215399e+06 
1 0 1 7.775448e+06 5.012812e+06 
1 0 1 4.896262e+06 9.485172e+05 
1 0 1 3.348730e+06 7.909444e+06 
1 0 1 1.797886e+06 1.429858e+06 
1 1 1 2.909879e+06 5.202525e+06 
