1.917056e+06 
2.252311e+06 
5.720617e+06 
6.935364e+06 
-7.698833e+06 
-5.930001e+06 
-3.970710e+06 
-9.936107e+05 
4.280895e+06 
5.415473e+06 
-6.543037e+06 
-6.391345e+06 
3.302199e+05 
6.066666e+06 
-8.366514e+06 
-8.135551e+06 
5.362382e+06 
6.733901e+06 
-4.518125e+06 
-4.341252e+06 
-3.508816e+06 
-3.278873e+06 
-3.088382e+06 
2.614228e+06 
1.740546e+06 
1.813300e+06 
3.619261e+06 
4.673930e+06 
6.366537e+06 
-4.400760e+06 
-1.640904e+06 
-1.606102e+06 
7.062045e+06 
7.341421e+06 
-3.149303e+06 
-9.518799e+05 
-7.345552e+05 
2.509592e+06 
5.969129e+06 
6.006290e+06 
3.924659e+04 
2.208606e+06 
3.561746e+06 
4.076451e+06 
6.118260e+06 
8.279106e+06 
-8.312981e+06 
-7.124948e+06 
4.918701e+06 
7.964100e+06 
8.300713e+06 
-7.546233e+06 
-5.304180e+06 
-2.551341e+05 
2.503006e+06 
2.987129e+06 
5.494791e+05 
4.656409e+06 
4.797895e+06 
6.447436e+06 
6.756043e+06 
-2.894406e+06 
-2.782816e+06 
7.637594e+05 
5.877619e+06 
-3.851778e+06 
-2.084204e+06 
4.523841e+06 
4.768575e+06 
-7.235590e+06 
-3.689868e+06 
-2.877533e+03 
7.730578e+05 
3.326745e+06 
5.324398e+06 
-6.441627e+06 
-5.964591e+06 
-5.689492e+06 
-3.063038e+06 
-2.271315e+06 
2.758046e+06 
4.003484e+06 
4.213523e+06 
-7.709205e+06 
-6.265791e+06 
-5.631869e+06 
-1.882100e+06 
2.593510e+06 
3.781601e+06 
7.423256e+06 
7.727319e+06 
-6.176734e+06 
-5.101120e+06 
-2.753786e+06 
-5.196991e+05 
2.367883e+06 
1.475681e+05 
2.665716e+06 
3.780478e+06 
4.739012e+06 
-8.253734e+06 
-4.530970e+06 
-3.882804e+06 
-3.357931e+06 
2.135256e+05 
3.617281e+06 
4.868553e+06 
8.115095e+06 
-8.126053e+06 
-6.627326e+06 
-5.452825e+06 
-5.332879e+06 
2.202991e+06 
3.924992e+06 
-5.978078e+06 
-4.548072e+06 
-1.271197e+06 
2.256939e+06 
2.759564e+06 
3.343238e+06 
7.509907e+05 
1.010667e+06 
2.570991e+06 
3.752181e+06 
4.106748e+06 
4.189550e+06 
5.868460e+06 
-7.169513e+06 
2.304809e+06 
3.568161e+06 
4.564453e+06 
4.698365e+06 
7.731719e+06 
8.243126e+06 
-5.865019e+06 
-3.622332e+06 
7.661583e+04 
2.874994e+05 
4.664965e+06 
7.536695e+06 
-8.347034e+06 
-5.113226e+06 
-3.623499e+06 
-3.568524e+06 
8.656442e+05 
4.176766e+06 
-6.990758e+06 
-6.404249e+06 
-6.205098e+06 
-4.101248e+06 
-3.572904e+06 
-3.341367e+06 
5.208983e+06 
6.868437e+06 
6.915039e+06 
-8.339562e+06 
-5.321391e+06 
-4.633345e+06 
-2.644060e+06 
2.857162e+06 
2.596942e+06 
3.159230e+06 
4.658195e+06 
7.611690e+06 
-6.807788e+06 
-5.650767e+06 
-5.382701e+06 
-3.283543e+06 
2.254360e+05 
2.099565e+06 
4.209174e+06 
4.536751e+06 
7.705833e+06 
8.232554e+06 
-5.040341e+06 
-2.825102e+06 
3.668319e+05 
1.754626e+06 
7.061443e+06 
-6.934352e+06 
-1.392172e+06 
5.024439e+06 
7.360668e+06 
7.456382e+06 
4.469635e+04 
2.354907e+06 
3.425690e+06 
4.513014e+06 
5.866099e+06 
7.669061e+06 
8.144988e+06 
-2.820223e+06 
5.297857e+06 
-5.566965e+06 
-3.849902e+06 
-2.567922e+06 
3.389284e+05 
1.807906e+06 
7.426704e+06 
-2.486950e+06 
1.026917e+06 
5.886930e+06 
7.367143e+06 
7.777603e+06 
8.140246e+06 
-5.686582e+06 
-4.623484e+06 
-3.983619e+06 
2.134575e+05 
2.176693e+06 
3.645379e+06 
-7.026215e+06 
-2.994474e+06 
7.987933e+05 
1.071782e+06 
1.216966e+06 
1.233495e+06 
6.602034e+06 
7.879948e+06 
-6.258164e+06 
-4.773856e+06 
-3.663956e+06 
-1.342852e+06 
-1.054544e+06 
1.792437e+06 
1.837205e+06 
3.558236e+06 
3.616596e+06 
4.875761e+06 
-3.813619e+06 
1.112116e+06 
1.825609e+06 
2.669497e+06 
4.726194e+06 
-7.454447e+06 
-5.835181e+06 
-5.680808e+06 
-3.795182e+06 
2.221827e+05 
4.749086e+06 
1.140891e+05 
3.630305e+06 
3.891159e+06 
-7.721929e+06 
-7.611970e+06 
-5.628592e+06 
-2.239602e+06 
-2.187317e+06 
1.587419e+06 
1.592828e+06 
3.670003e+06 
4.602390e+06 
6.814866e+06 
7.830470e+06 
-7.756110e+06 
-7.131130e+06 
1.857968e+06 
2.241817e+06 
4.134175e+06 
6.931125e+06 
7.569617e+06 
-7.739496e+06 
-5.005723e+06 
-4.553235e+06 
3.810561e+05 
5.496047e+06 
-7.351028e+06 
-6.235311e+06 
-6.107332e+06 
-5.246626e+06 
-4.624181e+06 
-3.331269e+06 
1.471676e+05 
4.385247e+06 
5.342927e+06 
-5.979655e+06 
-5.343845e+06 
-4.935373e+06 
-2.831927e+06 
1.027227e+06 
1.457577e+05 
1.683578e+05 
2.891608e+06 
6.090514e+06 
-5.505024e+06 
-1.709200e+06 
1.577051e+05 
2.221408e+06 
6.883750e+06 
-8.047275e+06 
-5.841424e+06 
-5.740001e+06 
-2.387578e+06 
6.297858e+05 
1.192302e+06 
4.014675e+06 
8.551626e+05 
4.795755e+06 
4.858685e+06 
-8.242746e+06 
-7.500100e+06 
-7.467249e+06 
-3.401509e+06 
-2.386135e+06 
1.363170e+05 
3.198800e+05 
1.514442e+06 
1.564673e+06 
7.845075e+06 
-5.364630e+06 
-1.679143e+06 
-1.396897e+06 
4.321873e+06 
5.475898e+06 
5.646835e+06 
6.521352e+06 
-5.192246e+06 
-2.960865e+06 
1.975201e+06 
6.584554e+06 
7.867941e+04 
4.736921e+06 
5.017667e+06 
6.098304e+06 
6.463844e+06 
7.318640e+06 
8.387544e+06 
-8.303661e+06 
3.384944e+06 
8.066211e+06 
-6.939618e+06 
-6.790308e+06 
-6.690391e+06 
-1.075853e+06 
-4.445986e+05 
1.283875e+05 
3.447248e+06 
3.755200e+06 
5.446239e+06 
6.671293e+06 
6.927644e+06 
-3.834861e+06 
-2.681969e+06 
-1.854434e+06 
4.590593e+06 
5.370721e+06 
5.498876e+06 
6.443595e+06 
-7.766566e+06 
-7.368441e+06 
-5.116864e+06 
-3.236067e+06 
6.680916e+05 
1.563885e+06 
5.373933e+06 
-6.832159e+06 
-5.180135e+06 
-4.070526e+06 
-1.917542e+06 
-8.420862e+05 
3.616080e+06 
5.728848e+06 
-5.737562e+06 
-3.050942e+06 
-2.432799e+06 
2.392606e+06 
4.252032e+06 
5.166025e+06 
1.163106e+06 
1.785047e+06 
5.542884e+06 
7.994430e+06 
-6.511763e+06 
-6.186664e+05 
3.302636e+06 
3.682812e+06 
1.499984e+06 
2.931475e+06 
4.127814e+06 
6.813132e+06 
6.995067e+06 
-7.926375e+06 
-5.532436e+06 
-1.601534e+06 
1.943194e+05 
4.114552e+06 
4.709202e+06 
4.913168e+06 
5.478334e+06 
5.854205e+06 
6.286696e+06 
6.457594e+06 
3.015080e+06 
7.219520e+06 
-8.120888e+06 
-7.740612e+06 
-3.264553e+06 
-1.758600e+06 
-1.729613e+06 
3.857695e+06 
4.546139e+05 
5.582170e+05 
1.553878e+06 
1.845362e+06 
4.722967e+06 
5.235215e+06 
6.309565e+06 
6.780981e+06 
5.878219e+06 
-7.867942e+06 
-4.960205e+06 
-3.556150e+06 
1.178313e+06 
4.672891e+06 
4.939355e+06 
-7.276240e+06 
2.157437e+06 
6.392741e+06 
6.787293e+06 
8.160017e+06 
-5.082790e+06 
-5.414530e+05 
3.986385e+06 
-7.965560e+06 
1.979478e+05 
1.018591e+06 
2.471934e+06 
2.487532e+06 
3.764574e+06 
5.618909e+06 
6.045169e+06 
6.089146e+06 
1.200680e+04 
3.732640e+05 
2.261413e+06 
4.732534e+06 
4.756471e+06 
6.366031e+06 
6.576344e+06 
6.599274e+06 
9.717382e+04 
5.223495e+05 
1.218090e+06 
3.856363e+06 
6.328469e+06 
-6.332075e+06 
-2.392316e+06 
-3.432887e+05 
3.476945e+06 
4.348725e+06 
5.307861e+06 
6.190441e+06 
6.800802e+06 
6.803626e+06 
6.926239e+06 
-8.362164e+06 
2.671324e+06 
4.765242e+06 
7.983771e+06 
-6.464619e+06 
5.275595e+05 
2.938926e+06 
3.853387e+06 
-7.574829e+06 
2.986673e+06 
3.019077e+06 
3.951724e+06 
5.205455e+06 
6.175744e+06 
-7.463192e+06 
-5.856281e+06 
-5.318987e+06 
5.104315e+05 
4.125972e+06 
-7.137635e+06 
-5.892186e+06 
-5.623784e+06 
-5.392638e+06 
-4.905056e+06 
-4.858985e+06 
6.209770e+06 
-2.728453e+06 
1.178369e+06 
3.389760e+06 
4.297101e+06 
4.297785e+06 
5.236636e+06 
5.955307e+06 
2.588686e+06 
7.032899e+06 
7.698591e+06 
7.702242e+06 
8.018981e+06 
-1.093025e+06 
-8.461461e+05 
-3.220604e+05 
8.837768e+05 
1.201320e+06 
5.882382e+06 
-7.457821e+06 
-6.528128e+06 
-5.217936e+06 
-4.300029e+05 
8.019306e+05 
3.426986e+06 
3.747537e+06 
5.745278e+06 
8.339795e+06 
-6.461210e+06 
-5.871065e+06 
-5.758511e+06 
1.673630e+06 
5.878281e+05 
4.852218e+06 
-5.745449e+06 
-3.900727e+06 
-3.565501e+06 
-2.735209e+06 
-1.421795e+06 
-1.902288e+05 
1.310458e+06 
2.552658e+06 
4.648683e+06 
4.826460e+06 
5.412802e+06 
6.178716e+06 
-5.226183e+06 
-2.315516e+06 
6.663832e+06 
7.248414e+06 
-4.689335e+06 
-9.385298e+04 
1.769767e+06 
3.498864e+06 
5.637225e+06 
5.847611e+06 
1.479666e+06 
1.555028e+06 
1.666528e+06 
6.408985e+06 
-7.728051e+06 
-6.995606e+06 
-3.368116e+06 
-7.044546e+05 
3.444616e+06 
5.114801e+06 
8.169551e+06 
-8.121886e+06 
-7.965767e+06 
-4.171899e+06 
-2.043525e+06 
3.906304e+06 
3.840943e+05 
2.319096e+06 
7.209636e+06 
-6.236996e+06 
-3.996030e+06 
-3.974452e+06 
1.774195e+06 
3.903089e+06 
6.162102e+06 
-7.225050e+06 
-6.311768e+06 
-4.963483e+06 
-4.594756e+06 
-4.579299e+06 
-7.624000e+05 
1.131349e+06 
3.765823e+05 
1.542373e+06 
1.764203e+06 
2.015896e+06 
4.107721e+06 
4.900215e+06 
6.040143e+06 
7.106378e+06 
9.033129e+04 
5.411815e+06 
6.212748e+06 
7.006356e+06 
-5.456505e+06 
-4.902655e+06 
-4.895318e+06 
-4.063893e+06 
1.642851e+06 
2.897262e+06 
4.057986e+06 
7.857052e+06 
-7.502117e+06 
-6.308064e+06 
-4.218127e+06 
-1.418225e+06 
1.733944e+05 
2.878372e+06 
3.124978e+06 
5.119211e+06 
5.576437e+06 
-8.286828e+06 
-6.406384e+06 
-6.315778e+06 
6.248348e+06 
8.296351e+06 
8.372815e+06 
-8.299536e+06 
-1.847588e+06 
2.664975e+06 
4.092635e+06 
-8.340901e+06 
1.555868e+06 
2.239209e+06 
3.473255e+06 
7.702628e+06 
-5.018609e+06 
-1.347762e+06 
1.412358e+06 
1.631006e+06 
1.049873e+06 
1.327119e+06 
3.159482e+06 
8.109021e+06 
-1.479548e+06 
-1.430193e+06 
-1.123854e+06 
5.258936e+05 
2.605960e+06 
8.220385e+06 
8.317495e+06 
-6.481190e+06 
-2.222034e+05 
1.889799e+06 
4.369640e+06 
4.471534e+06 
6.545129e+05 
6.504890e+06 
-7.777237e+06 
-1.706014e+06 
-1.548582e+04 
4.599277e+05 
2.406133e+06 
5.058156e+06 
1.322377e+06 
1.529619e+06 
2.185321e+06 
2.742675e+06 
2.794981e+06 
2.795068e+06 
7.080776e+06 
7.949892e+06 
1.699133e+06 
2.643855e+06 
4.586750e+06 
-8.024773e+06 
-1.451632e+05 
3.564275e+05 
5.645226e+05 
4.884170e+06 
6.464503e+06 
7.069889e+06 
-5.617201e+06 
-4.535608e+06 
-3.585991e+06 
1.966913e+06 
5.433557e+06 
-4.529639e+06 
8.944650e+05 
2.667857e+06 
-7.261779e+06 
-4.040473e+06 
-2.799748e+06 
3.437024e+06 
5.175669e+06 
6.871259e+06 
1.521731e+06 
4.734283e+06 
7.252395e+06 
7.282635e+06 
8.110413e+06 
-5.396776e+06 
-5.384723e+06 
-5.275007e+06 
1.032966e+05 
2.652153e+05 
5.153035e+05 
2.269771e+06 
4.466768e+06 
4.750520e+06 
6.225757e+06 
-7.274601e+06 
3.531132e+05 
3.876742e+06 
5.300880e+06 
8.348107e+06 
-7.077710e+06 
-6.088044e+06 
-4.818338e+06 
-3.381927e+06 
1.924922e+06 
1.938422e+06 
3.213480e+06 
4.858661e+06 
-8.258509e+06 
-7.092795e+06 
-2.468489e+05 
6.911917e+06 
9.809049e+04 
3.892031e+06 
4.280160e+06 
-7.770371e+06 
-4.365831e+06 
-8.413049e+05 
-5.808977e+05 
1.754216e+06 
1.883806e+06 
4.048924e+06 
7.957671e+06 
-6.668174e+06 
-5.101220e+06 
-5.018124e+06 
-3.977575e+06 
-2.385412e+06 
1.728471e+05 
3.511249e+05 
4.618447e+06 
4.847667e+06 
-8.081164e+06 
-5.830369e+06 
-4.477239e+06 
-3.131646e+06 
3.395977e+06 
-8.109929e+06 
-7.260458e+06 
-6.821218e+06 
-4.462028e+06 
-2.591872e+06 
1.950191e+06 
3.615879e+06 
3.141491e+06 
6.421560e+06 
6.805868e+06 
-7.475794e+06 
-4.864867e+06 
-4.861028e+06 
1.835507e+06 
8.014750e+06 
2.293699e+06 
7.618040e+06 
7.807905e+06 
-5.455345e+06 
-5.392389e+06 
-5.213485e+06 
-4.331315e+06 
-1.719761e+06 
3.526068e+05 
5.648990e+05 
3.016650e+06 
4.376080e+06 
4.599086e+06 
-7.106344e+06 
-5.909487e+06 
-3.681618e+06 
1.480520e+06 
3.984982e+06 
5.679515e+06 
-5.570410e+06 
-2.942507e+06 
-1.367213e+06 
4.438527e+06 
-4.971571e+06 
2.483118e+04 
3.697235e+04 
3.691514e+06 
5.070556e+06 
5.083356e+06 
5.164123e+06 
-3.728997e+06 
-8.887528e+05 
4.133274e+06 
4.373785e+06 
5.604511e+06 
-4.317554e+06 
-2.973515e+06 
-1.896860e+06 
5.903710e+05 
1.464438e+06 
2.718643e+06 
4.231898e+06 
5.293487e+06 
5.813828e+06 
8.078985e+06 
-4.881859e+06 
6.302862e+05 
3.654827e+06 
1.323258e+05 
1.161603e+06 
4.900631e+06 
-7.230182e+06 
-6.676551e+06 
-3.519103e+06 
-3.212649e+06 
-1.407974e+06 
