1 0 0 0 0 
0 0 0 0 0 
1 0 0 0 0 
1 1 0 54827 0 
1 1 1 82241 0 
1 1 2 109655 0 
1 1 3 137068 0 
1 1 4 164482 0 
1 1 5 191896 0 
1 1 6 219310 0 
1 1 7 246723 0 
1 1 8 274137 0 
1 1 9 301551 0 
1 1 10 328965 0 
1 1 11 356378 0 
1 1 12 383792 0 
1 1 13 411206 0 
1 1 14 438620 0 
1 1 15 493447 0 
1 1 16 493447 0 
1 1 17 438620 0 
1 1 18 411206 0 
1 1 19 383792 0 
1 1 20 356378 0 
1 1 21 328965 0 
1 1 22 301551 0 
1 1 23 274137 0 
1 1 24 246723 0 
1 1 25 219310 0 
1 1 26 191896 0 
1 1 27 164482 0 
1 1 28 137068 0 
1 1 29 109655 0 
1 1 30 82241 0 
1 1 31 54827 0 
1 1 32 1 0 
1 0 0 0 5280187 
1 0 0 0 6808058 
1 0 0 0 -6258123 
1 0 0 0 6935296 
1 0 0 0 2220619 
1 0 0 0 -6752152 
1 0 0 0 -3716184 
1 0 0 0 786541 
1 0 0 0 7675690 
1 0 0 0 7799535 
1 0 0 0 -5744300 
1 0 0 0 7895236 
1 0 0 0 7669988 
1 0 0 0 -245356 
1 0 0 0 5037870 
1 0 0 0 -6008151 
1 0 0 0 -1312628 
1 0 0 0 6974884 
1 0 0 0 4902425 
1 0 0 0 7709003 
1 0 0 0 2612895 
1 0 0 0 -7789466 
1 0 0 0 5857417 
1 0 0 0 7281198 
1 0 0 0 2998678 
1 0 0 0 4324161 
1 0 0 0 4079085 
1 0 0 0 -1808131 
1 0 0 0 2608486 
1 0 0 0 -5516572 
1 0 0 0 3456879 
1 0 0 0 -7854542 
1 0 0 0 -3742612 
1 0 0 0 -7613981 
1 0 0 0 -6759008 
1 0 0 0 5426721 
1 0 0 0 3268681 
1 0 0 0 -3068562 
1 0 0 0 7553472 
1 0 0 0 -7810699 
1 0 0 0 -1027700 
1 0 0 0 -1987120 
1 0 0 0 4454632 
1 0 0 0 4952632 
1 0 0 0 -5253406 
1 0 0 0 -171725 
1 0 0 0 -912913 
1 0 0 0 2454724 
1 0 0 0 3512558 
1 0 0 0 4272933 
1 0 0 0 -3757676 
1 0 0 0 3014910 
1 0 0 0 2602112 
1 0 0 0 -5660436 
1 0 0 0 -6392159 
1 0 0 0 -27447 
1 0 0 0 7713223 
1 0 0 0 -2677884 
1 0 0 0 1430555 
1 0 0 0 -4633667 
1 0 0 0 4215561 
1 0 0 0 -4108823 
1 0 0 0 99942 
1 0 0 0 3339953 
1 0 0 0 6558268 
1 0 0 0 7705631 
1 0 0 0 792145 
1 0 0 0 -6062876 
1 0 0 0 -5883871 
1 0 0 0 -4068337 
1 0 0 0 5716286 
1 0 0 0 -4122461 
1 0 0 0 5272824 
1 0 0 0 -4302937 
1 0 0 0 7201848 
1 0 0 0 -2516855 
1 0 0 0 -5090288 
1 0 0 0 -4176120 
1 0 0 0 1946906 
1 0 0 0 -448139 
1 0 0 0 -2488741 
1 0 0 0 5550383 
1 0 0 0 1430494 
1 0 0 0 834223 
1 0 0 0 6999348 
1 0 0 0 -3593026 
1 0 0 0 4315103 
1 0 0 0 4256867 
1 0 0 0 -2005786 
1 0 0 0 1137858 
1 0 0 0 -7115985 
1 0 0 0 -7483476 
1 0 0 0 516697 
1 0 0 0 4683648 
1 0 0 0 7281490 
1 0 0 0 -6209144 
1 0 0 0 1154669 
1 0 0 0 -513540 
1 0 0 0 -8188925 
1 0 0 0 -2732629 
1 0 0 0 -5667641 
1 0 0 0 4937275 
1 0 0 0 -3167287 
1 0 0 0 478706 
1 0 0 0 -5609484 
1 0 0 0 1710973 
1 0 0 0 -3976682 
1 0 0 0 2585018 
1 0 0 0 3174492 
1 0 0 0 4163292 
1 0 0 0 -829775 
1 0 0 0 -6982319 
1 0 0 0 -4547012 
1 0 0 0 6934650 
1 0 0 0 -5832130 
1 0 0 0 5466301 
1 0 0 0 643279 
1 0 0 0 8323759 
1 0 0 0 -7077041 
1 0 0 0 -961700 
1 0 0 0 -6599272 
1 0 0 0 7749363 
1 0 0 0 -8310859 
1 0 0 0 4612232 
1 0 0 0 5323464 
1 0 0 0 6185670 
1 0 0 0 -6972010 
1 0 0 0 -1681369 
1 0 0 0 -4028707 
1 0 0 0 5034313 
1 0 0 0 -1150686 
1 0 0 0 6889523 
1 0 0 0 -5337722 
1 0 0 0 -3962730 
1 0 0 0 -5946870 
1 0 0 0 -6105757 
1 0 0 0 6195695 
1 0 0 0 1337221 
1 0 0 0 836515 
1 0 0 0 -5956671 
1 0 0 0 5922879 
1 0 0 0 2047745 
1 0 0 0 -2500605 
1 0 0 0 222290 
1 0 0 0 -1647388 
1 0 0 0 -7114099 
1 0 0 0 -4363483 
1 0 0 0 -6319660 
1 0 0 0 -5303148 
1 0 0 0 -4362873 
1 0 0 0 -1388029 
1 0 0 0 -7555545 
1 0 0 0 6756455 
1 0 0 0 7462290 
1 0 0 0 -153276 
1 0 0 0 -180311 
1 0 0 0 -2722617 
1 0 0 0 6711789 
1 0 0 0 -2193675 
1 0 0 0 -6522936 
1 0 0 0 4701849 
1 0 0 0 -1849876 
1 0 0 0 -4333702 
1 0 0 0 -1612087 
1 0 0 0 -6770370 
1 0 0 0 -6174464 
1 0 0 0 7416378 
1 0 0 0 7652667 
1 0 0 0 1261790 
1 0 0 0 -7385674 
1 0 0 0 -4449655 
1 0 0 0 -2463591 
1 0 0 0 5388741 
1 0 0 0 -8130182 
1 0 0 0 -7666789 
1 0 0 0 -5553426 
1 0 0 0 2501742 
1 0 0 0 3887656 
1 0 0 0 2478765 
1 0 0 0 -823364 
1 0 0 0 788678 
1 0 0 0 -3417170 
1 0 0 0 4105264 
1 0 0 0 -5218469 
1 0 0 0 3133571 
1 0 0 0 -5309802 
1 0 0 0 -2206463 
1 0 0 0 2107529 
1 0 0 0 4701436 
1 0 0 0 -7027544 
1 0 0 0 7203901 
1 0 0 0 4625691 
1 0 0 0 -221600 
1 0 0 0 -1076115 
1 0 0 0 -892821 
1 0 0 0 -3248917 
1 0 0 0 142751 
1 0 0 0 180716 
1 0 0 0 5328908 
1 0 0 0 4946450 
1 0 0 0 2421256 
1 0 0 0 -2036597 
1 0 0 0 5227452 
1 0 0 0 550721 
1 0 0 0 -2504384 
1 0 0 0 7365224 
1 0 0 0 6307273 
1 0 0 0 841483 
1 0 0 0 2054790 
1 0 0 0 1460367 
1 0 0 0 -4903271 
1 0 0 0 -3334534 
1 0 0 0 -487826 
1 0 0 0 -4521659 
1 0 0 0 5776542 
1 0 0 0 -5121006 
1 0 0 0 -4598270 
1 0 0 0 -5524603 
1 0 0 0 -4569035 
1 0 0 0 -1078798 
1 0 0 0 -3169178 
1 0 0 0 7103131 
1 0 0 0 -1170926 
1 0 0 0 -5287905 
1 0 0 0 6792775 
1 0 0 0 8048842 
1 0 0 0 -1025592 
1 0 0 0 -6524337 
1 0 0 0 -4059001 
1 0 0 0 -1531427 
1 0 0 0 1592091 
1 0 0 0 -3989425 
1 0 0 0 1725420 
1 0 0 0 3543612 
1 0 0 0 -4668316 
1 0 0 0 -6418667 
1 0 0 0 -3411213 
1 0 0 0 -3040396 
1 0 0 0 -1272271 
1 0 0 0 131840 
1 0 0 0 -6953892 
1 0 0 0 -3984887 
1 0 0 0 5050187 
1 0 0 0 -7898374 
1 0 0 0 7194978 
1 0 0 0 3864310 
1 0 0 0 -191110 
1 0 0 0 1317431 
1 0 0 0 -4407651 
1 0 0 0 -690403 
1 0 0 0 7769336 
1 0 0 0 785269 
1 0 0 0 354600 
1 0 0 0 -4503099 
1 0 0 0 -186265 
1 0 0 0 2081382 
1 0 0 0 3005395 
1 0 0 0 -1752964 
1 0 0 0 -2224044 
1 0 0 0 8186979 
1 0 0 0 -7755455 
1 0 0 0 6462046 
1 0 0 0 6933802 
1 0 0 0 4969140 
1 0 0 0 -6732491 
1 0 0 0 -3995139 
1 0 0 0 -2762254 
1 0 0 0 3015334 
1 0 0 0 -6097627 
1 0 0 0 3711581 
1 0 0 0 -6597442 
1 0 0 0 2579620 
1 0 0 0 -97746 
1 0 0 0 4681711 
1 0 0 0 3607723 
1 0 0 0 6773307 
1 0 0 0 6558591 
1 0 0 0 -2782283 
1 0 0 0 3334401 
1 0 0 0 -5069910 
1 0 0 0 -7876216 
1 0 0 0 4094886 
1 0 0 0 376 
1 0 0 0 -336851 
1 0 0 0 6790112 
1 0 0 0 1843256 
1 0 0 0 1974114 
1 0 0 0 6030441 
1 0 0 0 5125262 
1 0 0 0 1287173 
1 0 0 0 -5319679 
1 0 0 0 -4363217 
1 0 0 0 6484594 
1 0 0 0 -7907536 
1 0 0 0 -169427 
1 0 0 0 -5571259 
1 0 0 0 8030928 
1 0 0 0 3568421 
1 0 0 0 7912 
1 0 0 0 -485057 
1 0 0 0 -7388370 
1 0 0 0 3052981 
1 0 0 0 -7676732 
1 0 0 0 -7189953 
1 0 0 0 363224 
1 0 0 0 -6765748 
1 0 0 0 5337647 
1 0 0 0 5327556 
1 0 0 0 3731917 
1 0 0 0 -5874284 
1 0 0 0 2677731 
1 0 0 0 311971 
1 0 0 0 7935196 
1 0 0 0 2499662 
1 0 0 0 5038710 
1 0 0 0 -775146 
1 0 0 0 -1134283 
1 0 0 0 5457859 
1 0 0 0 -6988217 
1 0 0 0 -6154370 
1 0 0 0 -5479630 
1 0 0 0 -1829761 
1 0 0 0 5559629 
1 0 0 0 5089609 
1 0 0 0 -7374070 
1 0 0 0 -1690175 
1 0 0 0 450901 
1 0 0 0 -1395874 
1 0 0 0 2631672 
1 0 0 0 2147036 
1 0 0 0 -3489929 
1 0 0 0 -1146704 
1 0 0 0 -8128778 
1 0 0 0 8121241 
1 0 0 0 -5583988 
1 0 0 0 -6606594 
1 0 0 0 -2140610 
1 0 0 0 -5064733 
1 0 0 0 -173013 
1 0 0 0 -2692854 
1 0 0 0 7577101 
1 0 0 0 7052001 
1 0 0 0 -7504835 
1 0 0 0 3990596 
1 0 0 0 -3873534 
1 0 0 0 -1294604 
1 0 0 0 803140 
1 0 0 0 7427894 
1 0 0 0 -1380025 
1 0 0 0 8104275 
1 0 0 0 -3331034 
1 0 0 0 3373877 
1 0 0 0 2790702 
1 0 0 0 656433 
1 0 0 0 3323659 
1 0 0 0 2793874 
1 0 0 0 -5400042 
1 0 0 0 -6240883 
1 0 0 0 8373179 
1 0 0 0 -5517673 
1 0 0 0 -7841657 
1 0 0 0 1026762 
1 0 0 0 6406656 
1 0 0 0 2838290 
1 0 0 0 -5193668 
1 0 0 0 -2199216 
1 0 0 0 -658910 
1 0 0 0 8080543 
1 0 0 0 -5764569 
1 0 0 0 5964682 
1 0 0 0 2428745 
1 0 0 0 -2075808 
1 0 0 0 -5185440 
1 0 0 0 -1203716 
1 0 0 0 -301620 
1 0 0 0 -6365081 
1 0 0 0 1501686 
1 0 0 0 -4593809 
1 0 0 0 -1935770 
1 0 0 0 1392280 
1 0 0 0 -4164003 
1 0 0 0 -3515823 
1 0 0 0 1964459 
1 0 0 0 -3937933 
1 0 0 0 5442130 
1 0 0 0 8097748 
1 0 0 0 3862933 
1 0 0 0 -2619310 
1 0 0 0 1410449 
1 0 0 0 -6580544 
1 0 0 0 6816719 
1 0 0 0 6369532 
1 0 0 0 5331137 
1 0 0 0 -4014319 
1 0 0 0 1583035 
1 0 0 0 -8010910 
1 0 0 0 -1253941 
1 0 0 0 -3142056 
1 0 0 0 -5679344 
1 0 0 0 -5389410 
1 0 0 0 -1293764 
1 0 0 0 -6807703 
1 0 0 0 1652952 
1 0 0 0 -487811 
1 0 0 0 3287483 
1 0 0 0 3353561 
1 0 0 0 2324160 
1 0 0 0 -7824830 
1 0 0 0 -7234234 
1 0 0 0 -3026615 
1 0 0 0 517816 
1 0 0 0 2591168 
1 0 0 0 -1549893 
1 0 0 0 5368394 
1 0 0 0 3663455 
1 0 0 0 7862631 
1 0 0 0 525695 
1 0 0 0 -2933569 
1 0 0 0 -6616445 
1 0 0 0 1861577 
1 0 0 0 4677525 
1 0 0 0 -1284247 
1 0 0 0 -6864847 
1 0 0 0 -3917959 
1 0 0 0 -5810677 
1 0 0 0 -3674122 
1 0 0 0 -1005205 
1 0 0 0 455379 
1 0 0 0 -714301 
1 0 0 0 6297690 
1 0 0 0 302864 
1 0 0 0 7442752 
1 0 0 0 2310375 
1 0 0 0 7678830 
1 0 0 0 -4350215 
1 0 0 0 2954841 
1 0 0 0 -3538910 
1 0 0 0 2882462 
1 0 0 0 3273914 
1 0 0 0 -7247879 
1 0 0 0 -4113939 
1 0 0 0 -4629841 
1 0 0 0 2815765 
1 0 0 0 5777941 
1 0 0 0 -2609488 
1 0 0 0 4706338 
1 0 0 0 2941583 
1 0 0 0 -8275944 
1 0 0 0 1714136 
1 0 0 0 -1899665 
1 0 0 0 6979174 
1 0 0 0 -8369297 
1 0 0 0 -629999 
1 0 0 0 -1269213 
1 0 0 0 -655715 
1 0 0 0 4532528 
1 0 0 0 -2978429 
1 0 0 0 4777132 
1 0 0 0 -480548 
1 0 0 0 -7788609 
1 0 0 0 -5437925 
1 0 0 0 3720482 
1 0 0 0 -444832 
1 0 0 0 -5826372 
1 0 0 0 -2665487 
1 0 0 0 1801692 
1 0 0 0 -5171657 
1 0 0 0 4000138 
1 0 0 0 -4314268 
1 0 0 0 7003218 
1 0 0 0 -3874504 
1 0 0 0 4454351 
1 0 0 0 -5223386 
1 0 0 0 -3565190 
1 0 0 0 -6859978 
1 0 0 0 1278581 
1 0 0 0 3076324 
1 0 0 0 781702 
1 0 0 0 -1246064 
1 0 0 0 2423347 
1 0 0 0 2476612 
1 0 0 0 3003402 
1 0 0 0 2278122 
1 0 0 0 7468782 
1 0 0 0 -4883262 
1 0 0 0 3511164 
1 0 0 0 -4425317 
1 0 0 0 -6385472 
1 0 0 0 1800261 
1 0 0 0 -836551 
1 0 0 0 -692472 
1 0 0 0 2716982 
1 0 0 0 4534638 
1 0 0 0 -2512925 
1 0 0 0 2718070 
1 0 0 0 -1406626 
1 0 0 0 5736619 
1 0 0 0 5585417 
1 0 0 0 -4086243 
1 0 0 0 1903555 
1 0 0 0 1379911 
1 0 0 0 683492 
1 0 0 0 6206580 
1 0 0 0 -3946354 
1 0 0 0 -3052211 
1 0 0 0 -6388520 
1 0 0 0 7379114 
1 0 0 0 2441955 
1 0 0 0 -344550 
1 0 0 0 2337350 
1 0 0 0 750211 
1 0 0 0 2471476 
1 0 0 0 736283 
1 0 0 0 3708546 
1 0 0 0 377408 
1 0 0 0 8282989 
1 0 0 0 -4719823 
1 0 0 0 -6613608 
1 0 0 0 -6548190 
1 0 0 0 -7321722 
1 0 0 0 -1600883 
1 0 0 0 -866159 
1 0 0 0 -2251231 
1 0 0 0 4420874 
1 0 0 0 2145745 
1 0 0 0 4563073 
1 0 0 0 7262077 
1 0 0 0 7931275 
1 0 0 0 -5166907 
1 0 0 0 -6058686 
1 0 0 0 3292802 
1 0 0 0 -6814570 
1 0 0 0 426215 
1 0 0 0 509091 
1 0 0 0 6058920 
1 0 0 0 -254119 
1 0 0 0 -1787506 
1 0 0 0 2876137 
1 0 0 0 4047636 
1 0 0 0 336424 
1 0 0 0 -2554958 
1 0 0 0 -5872072 
1 0 0 0 1444385 
1 0 0 0 -3990540 
1 0 0 0 -7642793 
1 0 0 0 4277070 
1 0 0 0 -4315346 
1 0 0 0 -966329 
1 0 0 0 3150695 
1 0 0 0 -2361759 
1 0 0 0 3965128 
1 0 0 0 -1766516 
1 0 0 0 3077207 
1 0 0 0 3423347 
1 0 0 0 -967955 
1 0 0 0 -8060150 
1 0 0 0 -2837734 
1 0 0 0 -1269876 
1 0 0 0 -3854223 
1 0 0 0 -5082594 
1 0 0 0 5397585 
1 0 0 0 -1175724 
1 0 0 0 6505717 
1 0 0 0 -1825647 
1 0 0 0 4514990 
1 0 0 0 -1731552 
1 0 0 0 5176007 
1 0 0 0 4279483 
1 0 0 0 -2056962 
1 0 0 0 -4764412 
1 0 0 0 4872224 
1 0 0 0 7538068 
1 0 0 0 -2892972 
1 0 0 0 2873339 
1 0 0 0 -1029367 
1 0 0 0 5595211 
1 0 0 0 4510625 
1 0 0 0 -5582560 
1 0 0 0 6073024 
1 0 0 0 8218690 
1 0 0 0 241985 
1 0 0 0 6447165 
1 0 0 0 1476832 
1 0 0 0 -5792295 
1 0 0 0 -5035467 
1 0 0 0 -1561039 
1 0 0 0 4172589 
1 0 0 0 5462390 
1 0 0 0 4864772 
1 0 0 0 -3044658 
1 0 0 0 571501 
1 0 0 0 -6879487 
1 0 0 0 -6514497 
1 0 0 0 -6101999 
1 0 0 0 2997288 
1 0 0 0 -80917 
1 0 0 0 -5205796 
1 0 0 0 -83789 
1 0 0 0 -5912153 
1 0 0 0 -7466295 
1 0 0 0 5883982 
1 0 0 0 1016020 
1 0 0 0 7207640 
1 0 0 0 3299528 
1 0 0 0 1389001 
1 0 0 0 5291487 
1 0 0 0 6358798 
1 0 0 0 8202575 
1 0 0 0 -8379844 
1 0 0 0 6131042 
1 0 0 0 1888551 
1 0 0 0 8220000 
1 0 0 0 464394 
1 0 0 0 -343541 
1 0 0 0 5055773 
1 0 0 0 -4566038 
1 0 0 0 -31973 
1 0 0 0 6725188 
1 0 0 0 1252607 
1 0 0 0 5791128 
1 0 0 0 4003719 
1 0 0 0 1442623 
1 0 0 0 -4249090 
1 0 0 0 2792000 
1 0 0 0 -6987999 
1 0 0 0 2113254 
1 0 0 0 2700201 
1 0 0 0 3854596 
1 0 0 0 6555732 
1 0 0 0 8091705 
1 0 0 0 4513559 
1 0 0 0 1366445 
1 0 0 0 7185900 
1 0 0 0 1343693 
1 0 0 0 -8103682 
1 0 0 0 -6360921 
1 0 0 0 6085276 
1 0 0 0 -263461 
1 0 0 0 5785718 
1 0 0 0 -4875374 
1 0 0 0 877303 
1 0 0 0 2179081 
1 0 0 0 -7851888 
1 0 0 0 1924571 
1 0 0 0 -2308353 
1 0 0 0 -7557590 
1 0 0 0 -174987 
1 0 0 0 -5158820 
1 0 0 0 -6323606 
1 0 0 0 -4940988 
1 0 0 0 -5930496 
1 0 0 0 -5216504 
1 0 0 0 -7673020 
1 0 0 0 2268244 
1 0 0 0 -3659667 
1 0 0 0 647544 
1 0 0 0 3274292 
1 0 0 0 -14831 
1 0 0 0 600642 
1 0 0 0 -919674 
1 0 0 0 -6309370 
1 0 0 0 -161778 
1 0 0 0 5922326 
1 0 0 0 6273460 
1 0 0 0 -3853822 
1 0 0 0 -4891207 
1 0 0 0 1090176 
1 0 0 0 2354041 
1 0 0 0 -1392024 
1 0 0 0 -4932913 
1 0 0 0 7515070 
1 0 0 0 -7011682 
1 0 0 0 -6615099 
1 0 0 0 -6005554 
1 0 0 0 -5595866 
1 0 0 0 2029349 
1 0 0 0 1236644 
1 0 0 0 -7514886 
1 0 0 0 7234358 
1 0 0 0 3836306 
1 0 0 0 3990320 
1 0 0 0 -7324857 
1 0 0 0 6047189 
1 0 0 0 7288108 
1 0 0 0 8126855 
1 0 0 0 6021994 
1 0 0 0 4790884 
1 0 0 0 224435 
1 0 0 0 -5408934 
1 0 0 0 -1701386 
1 0 0 0 -6141615 
1 0 0 0 -7870368 
1 0 0 0 7367575 
1 0 0 0 -3333532 
1 0 0 0 -3430374 
1 0 0 0 -2802865 
1 0 0 0 -552505 
1 0 0 0 2486356 
1 0 0 0 -7965350 
1 0 0 0 5741274 
1 0 0 0 990401 
1 0 0 0 5940811 
1 0 0 0 -2552164 
1 0 0 0 -905523 
1 0 0 0 -7478621 
1 0 0 0 -5417237 
1 0 0 0 2731466 
1 0 0 0 -2838219 
1 0 0 0 6685488 
1 0 0 0 -6406293 
1 0 0 0 8194293 
1 0 0 0 670788 
1 0 0 0 3471498 
1 0 0 0 8380078 
1 0 0 0 -3559298 
1 0 0 0 -1434074 
1 0 0 0 -589888 
1 0 0 0 4428464 
1 0 0 0 5338577 
1 0 0 0 -6707170 
1 0 0 0 -5400302 
1 0 0 0 -2354936 
1 0 0 0 -7437262 
1 0 0 0 367180 
1 0 0 0 -2753998 
1 0 0 0 -5441371 
1 0 0 0 -4883065 
1 0 0 0 6797348 
1 0 0 0 2942575 
1 0 0 0 -529016 
1 0 0 0 6914435 
1 0 0 0 -6643584 
1 0 0 0 4119579 
1 0 0 0 3963910 
1 0 0 0 1037862 
1 0 0 0 -5298344 
1 0 0 0 1630935 
1 0 0 0 -3356501 
1 0 0 0 -6138399 
1 0 0 0 -4821747 
1 0 0 0 6626021 
1 0 0 0 -7189829 
1 0 0 0 -4320359 
1 0 0 0 -7486759 
1 0 0 0 -977742 
1 0 0 0 -8165753 
1 0 0 0 6663765 
1 0 0 0 -5089232 
1 0 0 0 -6822111 
1 0 0 0 -3231848 
1 0 0 0 -737231 
1 0 0 0 -6682879 
1 0 0 0 8311260 
1 0 0 0 -2817015 
1 0 0 0 -3399957 
1 0 0 0 -7347662 
1 0 0 0 -3384905 
1 0 0 0 -7610963 
1 0 0 0 91069 
1 0 0 0 4385998 
1 0 0 0 2198989 
1 0 0 0 -6880477 
1 0 0 0 -7031962 
1 0 0 0 4651324 
1 0 0 0 6797033 
1 0 0 0 566599 
1 0 0 0 -6557305 
1 0 0 0 5466165 
1 0 0 0 -2716270 
1 0 0 0 -3456559 
1 0 0 0 4132453 
1 0 0 0 -8215189 
1 0 0 0 -7575797 
1 0 0 0 2817165 
1 0 0 0 1735904 
1 0 0 0 437926 
1 0 0 0 3853885 
1 0 0 0 3477136 
1 0 0 0 4720723 
1 0 0 0 -3557157 
1 0 0 0 3230150 
1 0 0 0 950762 
1 0 0 0 -1736094 
1 0 0 0 -7355289 
1 0 0 0 4700565 
1 0 0 0 -2724891 
1 0 0 0 1809689 
1 0 0 0 4047571 
1 0 0 0 -6630134 
1 0 0 0 -6242998 
1 0 0 0 831145 
1 0 0 0 -247810 
1 0 0 0 6551094 
1 0 0 0 5015721 
1 0 0 0 3931590 
1 0 0 0 -7527402 
1 0 0 0 -7165796 
1 0 0 0 -6903364 
1 0 0 0 5005496 
1 0 0 0 7432443 
1 0 0 0 3082235 
1 0 0 0 -6172624 
1 0 0 0 3736697 
1 0 0 0 -6537184 
1 0 0 0 -6417406 
1 0 0 0 2360854 
1 0 0 0 -2872021 
1 0 0 0 2580537 
1 0 0 0 4179732 
1 0 0 0 1395624 
1 0 0 0 4027074 
1 0 0 0 -4448867 
1 0 0 0 3941933 
1 0 0 0 7895333 
1 0 0 0 6156068 
1 0 0 0 -6941833 
1 0 0 0 -2240822 
1 0 0 0 -2194480 
1 0 0 0 3104262 
1 0 0 0 1643187 
1 0 0 0 4854721 
1 0 0 0 -2220416 
1 0 0 0 -4932035 
1 0 0 0 -6934585 
1 0 0 0 4562294 
1 0 0 0 -4937963 
1 0 0 0 -1874491 
1 0 0 0 868699 
1 0 0 0 -4547410 
1 0 0 0 2381368 
1 0 0 0 -260377 
1 0 0 0 -5841063 
1 0 0 0 4730033 
1 0 0 0 -6700714 
1 0 0 0 -3454994 
1 0 0 0 -4406150 
1 0 0 0 517950 
1 0 0 0 -6853515 
1 0 0 0 -1588544 
1 0 0 0 -6629580 
1 0 0 0 -6504796 
1 0 0 0 4771908 
1 0 0 0 -3496870 
1 0 0 0 1737002 
1 0 0 0 7791719 
1 0 0 0 -1132714 
1 0 0 0 3267399 
1 0 0 0 4330187 
1 0 0 0 -1130075 
1 0 0 0 2608824 
1 0 0 0 -6547224 
1 0 0 0 7277282 
1 0 0 0 -5243538 
1 0 0 0 -3922869 
1 0 0 0 4996762 
1 0 0 0 -207975 
1 0 0 0 4512370 
1 0 0 0 -1744718 
1 0 0 0 -3809455 
1 0 0 0 -7763915 
1 0 0 0 2907406 
1 0 0 0 -1181713 
1 0 0 0 -809682 
1 0 0 0 1843097 
1 0 0 0 -7391987 
1 0 0 0 -3090172 
1 0 0 0 4575518 
1 0 0 0 3295598 
1 0 0 0 -6285883 
1 0 0 0 -6205030 
1 0 0 0 -6839193 
1 0 0 0 -8257406 
1 0 0 0 -1290011 
1 0 0 0 2610084 
1 0 0 0 3740019 
1 0 0 0 523605 
1 0 0 0 -6562946 
1 0 0 0 2210672 
1 0 0 0 -6266293 
1 0 0 0 -6135373 
1 0 0 0 -6734474 
1 0 0 0 -6005787 
1 0 0 0 -5565820 
1 0 0 0 -5096098 
1 0 0 0 -3062182 
1 0 0 0 -3079811 
1 0 0 0 -4738502 
1 0 0 0 -4176825 
1 0 0 0 6592144 
1 0 0 0 3409519 
1 0 0 0 935127 
1 0 0 0 -5294325 
1 0 0 0 -4831321 
1 0 0 0 -7090944 
1 0 0 0 6942418 
1 0 0 0 3468105 
1 0 0 0 969537 
1 0 0 0 -3130143 
1 0 0 0 -5600175 
1 0 0 0 2055162 
1 0 0 0 8186186 
1 0 0 0 -5529234 
1 0 0 0 -4063572 
1 0 0 0 -1731421 
1 0 0 0 -7147182 
1 0 0 0 3088619 
1 0 0 0 -1637653 
1 0 0 0 8100630 
1 0 0 0 -1641081 
1 0 0 0 2024539 
1 0 0 0 -5798713 
1 0 0 0 -1990698 
1 0 0 0 -5685229 
1 0 0 0 4330408 
1 0 0 0 6226211 
1 0 0 0 -2503551 
1 0 0 0 3112772 
1 0 0 0 -3453613 
1 0 0 0 513874 
1 0 0 0 5577138 
1 0 0 0 1635614 
1 0 0 0 -2763018 
1 0 0 0 -3368446 
1 0 0 0 -795366 
1 0 0 0 -1297791 
1 0 0 0 -2355416 
1 0 0 0 978433 
1 0 0 0 4069235 
1 0 0 0 -1269452 
1 0 0 0 -1185214 
1 0 0 0 -6293591 
1 0 0 0 -7978674 
1 0 0 0 -3520108 
1 0 0 0 -3061497 
1 0 0 0 2578492 
1 0 0 0 7666112 
1 0 0 0 7310350 
1 0 0 0 -706551 
1 0 0 0 -4354050 
1 0 0 0 4427472 
1 0 0 0 4350791 
1 0 0 0 4037404 
1 0 0 0 4088411 
1 0 0 0 -6611559 
1 0 0 0 3046078 
1 0 0 0 -616386 
1 0 0 0 -4829101 
1 0 0 0 -6735738 
1 0 0 0 5428678 
1 0 0 0 -5452432 
1 0 0 0 -5644361 
1 0 0 0 2784803 
1 0 0 0 6616755 
1 0 0 0 277800 
1 0 0 0 3400780 
1 0 0 0 -5811790 
1 0 0 0 7607747 
1 0 0 0 685921 
1 0 0 0 3015434 
1 0 0 0 -7775183 
1 0 0 0 5187579 
1 0 0 0 4171132 
1 0 0 0 -6372205 
1 0 0 0 420188 
1 0 0 0 -2922027 
1 0 0 0 779292 
1 0 0 0 -1696500 
1 0 0 0 -1424497 
1 0 0 0 -5356332 
1 0 0 0 -4103930 
1 0 0 0 -8044075 
1 0 0 0 7108097 
1 0 0 0 2578656 
1 0 0 0 7258051 
1 0 0 0 -5645326 
1 0 0 0 7064839 
1 0 0 0 4943538 
1 0 0 0 1298459 
1 0 0 0 -1006036 
1 0 0 0 -4066567 
1 0 0 0 4226959 
1 0 0 0 -4552171 
1 0 0 0 -7311728 
1 0 0 0 4485044 
1 0 0 0 2872296 
1 0 0 0 3610666 
1 0 0 0 2383385 
1 0 0 0 -1358145 
1 0 0 0 -1832709 
1 0 0 0 5303950 
1 0 0 0 -3063053 
1 0 0 0 5277101 
1 0 0 0 4849848 
1 0 0 0 5910007 
1 0 0 0 94566 
1 0 0 0 2276020 
1 0 0 0 7564752 
1 0 0 0 -940126 
1 0 0 0 -7381660 
1 0 0 0 6153042 
