1 0 0 0 0 
0 0 0 0 0 
1 0 0 0 0 
1 1 0 91 0 
1 1 1 -76 0 
1 1 2 -58 0 
1 1 3 -47 0 
1 1 4 -41 0 
1 1 5 -35 0 
1 1 6 -28 0 
1 1 7 -19 0 
1 1 8 -9 0 
1 1 9 2 0 
1 1 10 13 0 
1 1 11 23 0 
1 1 12 30 0 
1 1 13 34 0 
1 1 14 35 0 
1 1 15 30 0 
1 1 16 22 0 
1 1 17 10 0 
1 1 18 -4 0 
1 1 19 -18 0 
1 1 20 -32 0 
1 1 21 -42 0 
1 1 22 -49 0 
1 1 23 -50 0 
1 1 24 -44 0 
1 1 25 -34 0 
1 1 26 -18 0 
1 1 27 1 0 
1 1 28 21 0 
1 1 29 39 0 
1 1 30 54 0 
1 1 31 64 0 
1 1 32 66 0 
1 1 33 60 0 
1 1 34 46 0 
1 1 35 26 0 
1 1 36 1 0 
1 1 37 -25 0 
1 1 38 -50 0 
1 1 39 -70 0 
1 1 40 -83 0 
1 1 41 -87 0 
1 1 42 -81 0 
1 1 43 -64 0 
1 1 44 -39 0 
1 1 45 -8 0 
1 1 46 26 0 
1 1 47 59 0 
1 1 48 86 0 
1 1 49 105 0 
1 1 50 111 0 
1 1 51 105 0 
1 1 52 85 0 
1 1 53 54 0 
1 1 54 15 0 
1 1 55 -29 0 
1 1 56 -71 0 
1 1 57 -107 0 
1 1 58 -132 0 
1 1 59 -142 0 
1 1 60 -136 0 
1 1 61 -113 0 
1 1 62 -76 0 
1 1 63 -27 0 
1 1 64 27 0 
1 1 65 81 0 
1 1 66 127 0 
1 1 67 161 0 
1 1 68 176 0 
1 1 69 171 0 
1 1 70 146 0 
1 1 71 101 0 
1 1 72 42 0 
1 1 73 -25 0 
1 1 74 -92 0 
1 1 75 -151 0 
1 1 76 -195 0 
1 1 77 -218 0 
1 1 78 -215 0 
1 1 79 -187 0 
1 1 80 -135 0 
1 1 81 -64 0 
1 1 82 17 0 
1 1 83 100 0 
1 1 84 175 0 
1 1 85 232 0 
1 1 86 263 0 
1 1 87 265 0 
1 1 88 234 0 
1 1 89 174 0 
1 1 90 90 0 
1 1 91 -8 0 
1 1 92 -109 0 
1 1 93 -202 0 
1 1 94 -275 0 
1 1 95 -317 0 
1 1 96 -324 0 
1 1 97 -292 0 
1 1 98 -224 0 
1 1 99 -126 0 
1 1 100 -9 0 
1 1 101 113 0 
1 1 102 228 0 
1 1 103 319 0 
1 1 104 376 0 
1 1 105 390 0 
1 1 106 358 0 
1 1 107 282 0 
1 1 108 169 0 
1 1 109 31 0 
1 1 110 -116 0 
1 1 111 -255 0 
1 1 112 -369 0 
1 1 113 -443 0 
1 1 114 -468 0 
1 1 115 -437 0 
1 1 116 -353 0 
1 1 117 -223 0 
1 1 118 -62 0 
1 1 119 112 0 
1 1 120 280 0 
1 1 121 420 0 
1 1 122 516 0 
1 1 123 553 0 
1 1 124 526 0 
1 1 125 434 0 
1 1 126 288 0 
1 1 127 101 0 
1 1 128 -104 0 
1 1 129 -305 0 
1 1 130 -476 0 
1 1 131 -597 0 
1 1 132 -651 0 
1 1 133 -629 0 
1 1 134 -532 0 
1 1 135 -367 0 
1 1 136 -153 0 
1 1 137 86 0 
1 1 138 324 0 
1 1 139 532 0 
1 1 140 683 0 
1 1 141 758 0 
1 1 142 745 0 
1 1 143 642 0 
1 1 144 460 0 
1 1 145 216 0 
1 1 146 -61 0 
1 1 147 -341 0 
1 1 148 -590 0 
1 1 149 -777 0 
1 1 150 -877 0 
1 1 151 -877 0 
1 1 152 -772 0 
1 1 153 -571 0 
1 1 154 -296 0 
1 1 155 23 0 
1 1 156 350 0 
1 1 157 646 0 
1 1 158 875 0 
1 1 159 1007 0 
1 1 160 1023 0 
1 1 161 917 0 
1 1 162 699 0 
1 1 163 391 0 
1 1 164 26 0 
1 1 165 -353 0 
1 1 166 -703 0 
1 1 167 -980 0 
1 1 168 -1149 0 
1 1 169 -1187 0 
1 1 170 -1085 0 
1 1 171 -850 0 
1 1 172 -507 0 
1 1 173 -94 0 
1 1 174 344 0 
1 1 175 754 0 
1 1 176 1087 0 
1 1 177 1301 0 
1 1 178 1366 0 
1 1 179 1271 0 
1 1 180 1022 0 
1 1 181 643 0 
1 1 182 177 0 
1 1 183 -324 0 
1 1 184 -802 0 
1 1 185 -1199 0 
1 1 186 -1465 0 
1 1 187 -1565 0 
1 1 188 -1481 0 
1 1 189 -1220 0 
1 1 190 -806 0 
1 1 191 -284 0 
1 1 192 287 0 
1 1 193 841 0 
1 1 194 1310 0 
1 1 195 1637 0 
1 1 196 1779 0 
1 1 197 1714 0 
1 1 198 1443 0 
1 1 199 993 0 
1 1 200 412 0 
1 1 201 -235 0 
1 1 202 -871 0 
1 1 203 -1423 0 
1 1 204 -1821 0 
1 1 205 -2013 0 
1 1 206 -1973 0 
1 1 207 -1696 0 
1 1 208 -1211 0 
1 1 209 -569 0 
1 1 210 159 0 
1 1 211 888 0 
1 1 212 1531 0 
1 1 213 2010 0 
1 1 214 2264 0 
1 1 215 2255 0 
1 1 216 1979 0 
1 1 217 1460 0 
1 1 218 754 0 
1 1 219 -61 0 
1 1 220 -890 0 
1 1 221 -1637 0 
1 1 222 -2208 0 
1 1 223 -2534 0 
1 1 224 -2567 0 
1 1 225 -2296 0 
1 1 226 -1746 0 
1 1 227 -975 0 
1 1 228 -67 0 
1 1 229 872 0 
1 1 230 1732 0 
1 1 231 2410 0 
1 1 232 2819 0 
1 1 233 2904 0 
1 1 234 2647 0 
1 1 235 2069 0 
1 1 236 1231 0 
1 1 237 225 0 
1 1 238 -833 0 
1 1 239 -1820 0 
1 1 240 -2616 0 
1 1 241 -3122 0 
1 1 242 -3271 0 
1 1 243 -3036 0 
1 1 244 -2435 0 
1 1 245 -1530 0 
1 1 246 -422 0 
1 1 247 765 0 
1 1 248 1890 0 
1 1 249 2820 0 
1 1 250 3438 0 
1 1 251 3664 0 
1 1 252 3462 0 
1 1 253 2844 0 
1 1 254 1873 0 
1 1 255 657 0 
1 1 256 -668 0 
1 1 257 -1945 0 
1 1 258 -3024 0 
1 1 259 -3771 0 
1 1 260 -4089 0 
1 1 261 -3930 0 
1 1 262 -3302 0 
1 1 263 -2268 0 
1 1 264 -940 0 
1 1 265 532 0 
1 1 266 1976 0 
1 1 267 3220 0 
1 1 268 4113 0 
1 1 269 4540 0 
1 1 270 4439 0 
1 1 271 3810 0 
1 1 272 2715 0 
1 1 273 1271 0 
1 1 274 -357 0 
1 1 275 -1981 0 
1 1 276 -3410 0 
1 1 277 -4468 0 
1 1 278 -5022 0 
1 1 279 -4994 0 
1 1 280 -4375 0 
1 1 281 -3223 0 
1 1 282 -1662 0 
1 1 283 132 0 
1 1 284 1952 0 
1 1 285 3584 0 
1 1 286 4829 0 
1 1 287 5530 0 
1 1 288 5594 0 
1 1 289 4996 0 
1 1 290 3793 0 
1 1 291 2113 0 
1 1 292 144 0 
1 1 293 -1887 0 
1 1 294 -3742 0 
1 1 295 -5196 0 
1 1 296 -6069 0 
1 1 297 -6243 0 
1 1 298 -5682 0 
1 1 299 -4436 0 
1 1 300 -2636 0 
1 1 301 -483 0 
1 1 302 1776 0 
1 1 303 3875 0 
1 1 304 5564 0 
1 1 305 6632 0 
1 1 306 6940 0 
1 1 307 6432 0 
1 1 308 5152 0 
1 1 309 3234 0 
1 1 310 889 0 
1 1 311 -1614 0 
1 1 312 -3982 0 
1 1 313 -5933 0 
1 1 314 -7224 0 
1 1 315 -7690 0 
1 1 316 -7257 0 
1 1 317 -5955 0 
1 1 318 -3919 0 
1 1 319 -1374 0 
1 1 320 1391 0 
1 1 321 4053 0 
1 1 322 6294 0 
1 1 323 7840 0 
1 1 324 8493 0 
1 1 325 8156 0 
1 1 326 6846 0 
1 1 327 4696 0 
1 1 328 1943 0 
1 1 329 -1101 0 
1 1 330 -4083 0 
1 1 331 -6648 0 
1 1 332 -8483 0 
1 1 333 -9355 0 
1 1 334 -9140 0 
1 1 335 -7839 0 
1 1 336 -5581 0 
1 1 337 -2613 0 
1 1 338 730 0 
1 1 339 4061 0 
1 1 340 6985 0 
1 1 341 9148 0 
1 1 342 10276 0 
1 1 343 10213 0 
1 1 344 8940 0 
1 1 345 6581 0 
1 1 346 3391 0 
1 1 347 -271 0 
1 1 348 -3983 0 
1 1 349 -7306 0 
1 1 350 -9838 0 
1 1 351 -11263 0 
1 1 352 -11387 0 
1 1 353 -10167 0 
1 1 354 -7716 0 
1 1 355 -4298 0 
1 1 356 -295 0 
1 1 357 3833 0 
1 1 358 7599 0 
1 1 359 10550 0 
1 1 360 12319 0 
1 1 361 12670 0 
1 1 362 11530 0 
1 1 363 8999 0 
1 1 364 5347 0 
1 1 365 979 0 
1 1 366 -3603 0 
1 1 367 -7862 0 
1 1 368 -11287 0 
1 1 369 -13454 0 
1 1 370 -14079 0 
1 1 371 -13051 0 
1 1 372 -10456 0 
1 1 373 -6564 0 
1 1 374 -1806 0 
1 1 375 3274 0 
1 1 376 8084 0 
1 1 377 12047 0 
1 1 378 14675 0 
1 1 379 15627 0 
1 1 380 14752 0 
1 1 381 12110 0 
1 1 382 7973 0 
1 1 383 2795 0 
1 1 384 -2834 0 
1 1 385 -8259 0 
1 1 386 -12835 0 
1 1 387 -15999 0 
1 1 388 -17343 0 
1 1 389 -16666 0 
1 1 390 -14000 0 
1 1 391 -9613 0 
1 1 392 -3982 0 
1 1 393 2255 0 
1 1 394 8375 0 
1 1 395 13651 0 
1 1 396 17439 0 
1 1 397 19253 0 
1 1 398 18832 0 
1 1 399 16169 0 
1 1 400 11526 0 
1 1 401 5403 0 
1 1 402 -1513 0 
1 1 403 -8421 0 
1 1 404 -14506 0 
1 1 405 -19025 0 
1 1 406 -21404 0 
1 1 407 -21307 0 
1 1 408 -18683 0 
1 1 409 -13778 0 
1 1 410 -7114 0 
1 1 411 566 0 
1 1 412 8379 0 
1 1 413 15404 0 
1 1 414 20788 0 
1 1 415 23850 0 
1 1 416 24166 0 
1 1 417 21625 0 
1 1 418 16451 0 
1 1 419 9185 0 
1 1 420 632 0 
1 1 421 -8232 0 
1 1 422 -16365 0 
1 1 423 -22784 0 
1 1 424 -26679 0 
1 1 425 -27520 0 
1 1 426 -25119 0 
1 1 427 -19668 0 
1 1 428 -11724 0 
1 1 429 -2157 0 
1 1 430 7947 0 
1 1 431 17408 0 
1 1 432 25084 0 
1 1 433 30013 0 
1 1 434 31528 0 
1 1 435 29343 0 
1 1 436 23604 0 
1 1 437 14881 0 
1 1 438 4113 0 
1 1 439 -7488 0 
1 1 440 -18573 0 
1 1 441 -27811 0 
1 1 442 -34046 0 
1 1 443 -36440 0 
1 1 444 -34578 0 
1 1 445 -28540 0 
1 1 446 -18896 0 
1 1 447 -6666 0 
1 1 448 6789 0 
1 1 449 19916 0 
1 1 450 31148 0 
1 1 451 39080 0 
1 1 452 42650 0 
1 1 453 41271 0 
1 1 454 34918 0 
1 1 455 24154 0 
1 1 456 10084 0 
1 1 457 -5752 0 
1 1 458 -21545 0 
1 1 459 -35417 0 
1 1 460 -45641 0 
1 1 461 -50847 0 
1 1 462 -50202 0 
1 1 463 -43525 0 
1 1 464 -31341 0 
1 1 465 -14848 0 
1 1 466 4194 0 
1 1 467 23641 0 
1 1 468 41201 0 
1 1 469 54693 0 
1 1 470 62309 0 
1 1 471 62840 0 
1 1 472 55853 0 
1 1 473 41775 0 
1 1 474 21889 0 
1 1 475 -1765 0 
1 1 476 -26592 0 
1 1 477 -49706 0 
1 1 478 -68254 0 
1 1 479 -79742 0 
1 1 480 -82348 0 
1 1 481 -75170 0 
1 1 482 -58392 0 
1 1 483 -33329 0 
1 1 484 -2355 0 
1 1 485 31295 0 
1 1 486 63832 0 
1 1 487 91297 0 
1 1 488 109998 0 
1 1 489 116938 0 
1 1 490 110206 0 
1 1 491 89278 0 
1 1 492 55189 0 
1 1 493 10563 0 
1 1 494 -40523 0 
1 1 495 -92827 0 
1 1 496 -140370 0 
1 1 497 -176955 0 
1 1 498 -196750 0 
1 1 499 -194859 0 
1 1 500 -167849 0 
1 1 501 -114159 0 
1 1 502 -34360 0 
1 1 503 68762 0 
1 1 504 190327 0 
1 1 505 323667 0 
1 1 506 460800 0 
1 1 507 593041 0 
1 1 508 711684 0 
1 1 509 808704 0 
1 1 510 877414 0 
1 1 511 913019 0 
1 1 512 913019 0 
1 1 513 877414 0 
1 1 514 808704 0 
1 1 515 711684 0 
1 1 516 593041 0 
1 1 517 460800 0 
1 1 518 323667 0 
1 1 519 190327 0 
1 1 520 68762 0 
1 1 521 -34360 0 
1 1 522 -114159 0 
1 1 523 -167849 0 
1 1 524 -194859 0 
1 1 525 -196750 0 
1 1 526 -176955 0 
1 1 527 -140370 0 
1 1 528 -92827 0 
1 1 529 -40523 0 
1 1 530 10563 0 
1 1 531 55189 0 
1 1 532 89278 0 
1 1 533 110206 0 
1 1 534 116938 0 
1 1 535 109998 0 
1 1 536 91297 0 
1 1 537 63832 0 
1 1 538 31295 0 
1 1 539 -2355 0 
1 1 540 -33329 0 
1 1 541 -58392 0 
1 1 542 -75170 0 
1 1 543 -82348 0 
1 1 544 -79742 0 
1 1 545 -68254 0 
1 1 546 -49706 0 
1 1 547 -26592 0 
1 1 548 -1765 0 
1 1 549 21889 0 
1 1 550 41775 0 
1 1 551 55853 0 
1 1 552 62840 0 
1 1 553 62309 0 
1 1 554 54693 0 
1 1 555 41201 0 
1 1 556 23641 0 
1 1 557 4194 0 
1 1 558 -14848 0 
1 1 559 -31341 0 
1 1 560 -43525 0 
1 1 561 -50202 0 
1 1 562 -50847 0 
1 1 563 -45641 0 
1 1 564 -35417 0 
1 1 565 -21545 0 
1 1 566 -5752 0 
1 1 567 10084 0 
1 1 568 24154 0 
1 1 569 34918 0 
1 1 570 41271 0 
1 1 571 42650 0 
1 1 572 39080 0 
1 1 573 31148 0 
1 1 574 19916 0 
1 1 575 6789 0 
1 1 576 -6666 0 
1 1 577 -18896 0 
1 1 578 -28540 0 
1 1 579 -34578 0 
1 1 580 -36440 0 
1 1 581 -34046 0 
1 1 582 -27811 0 
1 1 583 -18573 0 
1 1 584 -7488 0 
1 1 585 4113 0 
1 1 586 14881 0 
1 1 587 23604 0 
1 1 588 29343 0 
1 1 589 31528 0 
1 1 590 30013 0 
1 1 591 25084 0 
1 1 592 17408 0 
1 1 593 7947 0 
1 1 594 -2157 0 
1 1 595 -11724 0 
1 1 596 -19668 0 
1 1 597 -25119 0 
1 1 598 -27520 0 
1 1 599 -26679 0 
1 1 600 -22784 0 
1 1 601 -16365 0 
1 1 602 -8232 0 
1 1 603 632 0 
1 1 604 9185 0 
1 1 605 16451 0 
1 1 606 21625 0 
1 1 607 24166 0 
1 1 608 23850 0 
1 1 609 20788 0 
1 1 610 15404 0 
1 1 611 8379 0 
1 1 612 566 0 
1 1 613 -7114 0 
1 1 614 -13778 0 
1 1 615 -18683 0 
1 1 616 -21307 0 
1 1 617 -21404 0 
1 1 618 -19025 0 
1 1 619 -14506 0 
1 1 620 -8421 0 
1 1 621 -1513 0 
1 1 622 5403 0 
1 1 623 11526 0 
1 1 624 16169 0 
1 1 625 18832 0 
1 1 626 19253 0 
1 1 627 17439 0 
1 1 628 13651 0 
1 1 629 8375 0 
1 1 630 2255 0 
1 1 631 -3982 0 
1 1 632 -9613 0 
1 1 633 -14000 0 
1 1 634 -16666 0 
1 1 635 -17343 0 
1 1 636 -15999 0 
1 1 637 -12835 0 
1 1 638 -8259 0 
1 1 639 -2834 0 
1 1 640 2795 0 
1 1 641 7973 0 
1 1 642 12110 0 
1 1 643 14752 0 
1 1 644 15627 0 
1 1 645 14675 0 
1 1 646 12047 0 
1 1 647 8084 0 
1 1 648 3274 0 
1 1 649 -1806 0 
1 1 650 -6564 0 
1 1 651 -10456 0 
1 1 652 -13051 0 
1 1 653 -14079 0 
1 1 654 -13454 0 
1 1 655 -11287 0 
1 1 656 -7862 0 
1 1 657 -3603 0 
1 1 658 979 0 
1 1 659 5347 0 
1 1 660 8999 0 
1 1 661 11530 0 
1 1 662 12670 0 
1 1 663 12319 0 
1 1 664 10550 0 
1 1 665 7599 0 
1 1 666 3833 0 
1 1 667 -295 0 
1 1 668 -4298 0 
1 1 669 -7716 0 
1 1 670 -10167 0 
1 1 671 -11387 0 
1 1 672 -11263 0 
1 1 673 -9838 0 
1 1 674 -7306 0 
1 1 675 -3983 0 
1 1 676 -271 0 
1 1 677 3391 0 
1 1 678 6581 0 
1 1 679 8940 0 
1 1 680 10213 0 
1 1 681 10276 0 
1 1 682 9148 0 
1 1 683 6985 0 
1 1 684 4061 0 
1 1 685 730 0 
1 1 686 -2613 0 
1 1 687 -5581 0 
1 1 688 -7839 0 
1 1 689 -9140 0 
1 1 690 -9355 0 
1 1 691 -8483 0 
1 1 692 -6648 0 
1 1 693 -4083 0 
1 1 694 -1101 0 
1 1 695 1943 0 
1 1 696 4696 0 
1 1 697 6846 0 
1 1 698 8156 0 
1 1 699 8493 0 
1 1 700 7840 0 
1 1 701 6294 0 
1 1 702 4053 0 
1 1 703 1391 0 
1 1 704 -1374 0 
1 1 705 -3919 0 
1 1 706 -5955 0 
1 1 707 -7257 0 
1 1 708 -7690 0 
1 1 709 -7224 0 
1 1 710 -5933 0 
1 1 711 -3982 0 
1 1 712 -1614 0 
1 1 713 889 0 
1 1 714 3234 0 
1 1 715 5152 0 
1 1 716 6432 0 
1 1 717 6940 0 
1 1 718 6632 0 
1 1 719 5564 0 
1 1 720 3875 0 
1 1 721 1776 0 
1 1 722 -483 0 
1 1 723 -2636 0 
1 1 724 -4436 0 
1 1 725 -5682 0 
1 1 726 -6243 0 
1 1 727 -6069 0 
1 1 728 -5196 0 
1 1 729 -3742 0 
1 1 730 -1887 0 
1 1 731 144 0 
1 1 732 2113 0 
1 1 733 3793 0 
1 1 734 4996 0 
1 1 735 5594 0 
1 1 736 5530 0 
1 1 737 4829 0 
1 1 738 3584 0 
1 1 739 1952 0 
1 1 740 132 0 
1 1 741 -1662 0 
1 1 742 -3223 0 
1 1 743 -4375 0 
1 1 744 -4994 0 
1 1 745 -5022 0 
1 1 746 -4468 0 
1 1 747 -3410 0 
1 1 748 -1981 0 
1 1 749 -357 0 
1 1 750 1271 0 
1 1 751 2715 0 
1 1 752 3810 0 
1 1 753 4439 0 
1 1 754 4540 0 
1 1 755 4113 0 
1 1 756 3220 0 
1 1 757 1976 0 
1 1 758 532 0 
1 1 759 -940 0 
1 1 760 -2268 0 
1 1 761 -3302 0 
1 1 762 -3930 0 
1 1 763 -4089 0 
1 1 764 -3771 0 
1 1 765 -3024 0 
1 1 766 -1945 0 
1 1 767 -668 0 
1 1 768 657 0 
1 1 769 1873 0 
1 1 770 2844 0 
1 1 771 3462 0 
1 1 772 3664 0 
1 1 773 3438 0 
1 1 774 2820 0 
1 1 775 1890 0 
1 1 776 765 0 
1 1 777 -422 0 
1 1 778 -1530 0 
1 1 779 -2435 0 
1 1 780 -3036 0 
1 1 781 -3271 0 
1 1 782 -3122 0 
1 1 783 -2616 0 
1 1 784 -1820 0 
1 1 785 -833 0 
1 1 786 225 0 
1 1 787 1231 0 
1 1 788 2069 0 
1 1 789 2647 0 
1 1 790 2904 0 
1 1 791 2819 0 
1 1 792 2410 0 
1 1 793 1732 0 
1 1 794 872 0 
1 1 795 -67 0 
1 1 796 -975 0 
1 1 797 -1746 0 
1 1 798 -2296 0 
1 1 799 -2567 0 
1 1 800 -2534 0 
1 1 801 -2208 0 
1 1 802 -1637 0 
1 1 803 -890 0 
1 1 804 -61 0 
1 1 805 754 0 
1 1 806 1460 0 
1 1 807 1979 0 
1 1 808 2255 0 
1 1 809 2264 0 
1 1 810 2010 0 
1 1 811 1531 0 
1 1 812 888 0 
1 1 813 159 0 
1 1 814 -569 0 
1 1 815 -1211 0 
1 1 816 -1696 0 
1 1 817 -1973 0 
1 1 818 -2013 0 
1 1 819 -1821 0 
1 1 820 -1423 0 
1 1 821 -871 0 
1 1 822 -235 0 
1 1 823 412 0 
1 1 824 993 0 
1 1 825 1443 0 
1 1 826 1714 0 
1 1 827 1779 0 
1 1 828 1637 0 
1 1 829 1310 0 
1 1 830 841 0 
1 1 831 287 0 
1 1 832 -284 0 
1 1 833 -806 0 
1 1 834 -1220 0 
1 1 835 -1481 0 
1 1 836 -1565 0 
1 1 837 -1465 0 
1 1 838 -1199 0 
1 1 839 -802 0 
1 1 840 -324 0 
1 1 841 177 0 
1 1 842 643 0 
1 1 843 1022 0 
1 1 844 1271 0 
1 1 845 1366 0 
1 1 846 1301 0 
1 1 847 1087 0 
1 1 848 754 0 
1 1 849 344 0 
1 1 850 -94 0 
1 1 851 -507 0 
1 1 852 -850 0 
1 1 853 -1085 0 
1 1 854 -1187 0 
1 1 855 -1149 0 
1 1 856 -980 0 
1 1 857 -703 0 
1 1 858 -353 0 
1 1 859 26 0 
1 1 860 391 0 
1 1 861 699 0 
1 1 862 917 0 
1 1 863 1023 0 
1 1 864 1007 0 
1 1 865 875 0 
1 1 866 646 0 
1 1 867 350 0 
1 1 868 23 0 
1 1 869 -296 0 
1 1 870 -571 0 
1 1 871 -772 0 
1 1 872 -877 0 
1 1 873 -877 0 
1 1 874 -777 0 
1 1 875 -590 0 
1 1 876 -341 0 
1 1 877 -61 0 
1 1 878 216 0 
1 1 879 460 0 
1 1 880 642 0 
1 1 881 745 0 
1 1 882 758 0 
1 1 883 683 0 
1 1 884 532 0 
1 1 885 324 0 
1 1 886 86 0 
1 1 887 -153 0 
1 1 888 -367 0 
1 1 889 -532 0 
1 1 890 -629 0 
1 1 891 -651 0 
1 1 892 -597 0 
1 1 893 -476 0 
1 1 894 -305 0 
1 1 895 -104 0 
1 1 896 101 0 
1 1 897 288 0 
1 1 898 434 0 
1 1 899 526 0 
1 1 900 553 0 
1 1 901 516 0 
1 1 902 420 0 
1 1 903 280 0 
1 1 904 112 0 
1 1 905 -62 0 
1 1 906 -223 0 
1 1 907 -353 0 
1 1 908 -437 0 
1 1 909 -468 0 
1 1 910 -443 0 
1 1 911 -369 0 
1 1 912 -255 0 
1 1 913 -116 0 
1 1 914 31 0 
1 1 915 169 0 
1 1 916 282 0 
1 1 917 358 0 
1 1 918 390 0 
1 1 919 376 0 
1 1 920 319 0 
1 1 921 228 0 
1 1 922 113 0 
1 1 923 -9 0 
1 1 924 -126 0 
1 1 925 -224 0 
1 1 926 -292 0 
1 1 927 -324 0 
1 1 928 -317 0 
1 1 929 -275 0 
1 1 930 -202 0 
1 1 931 -109 0 
1 1 932 -8 0 
1 1 933 90 0 
1 1 934 174 0 
1 1 935 234 0 
1 1 936 265 0 
1 1 937 263 0 
1 1 938 232 0 
1 1 939 175 0 
1 1 940 100 0 
1 1 941 17 0 
1 1 942 -64 0 
1 1 943 -135 0 
1 1 944 -187 0 
1 1 945 -215 0 
1 1 946 -218 0 
1 1 947 -195 0 
1 1 948 -151 0 
1 1 949 -92 0 
1 1 950 -25 0 
1 1 951 42 0 
1 1 952 101 0 
1 1 953 146 0 
1 1 954 171 0 
1 1 955 176 0 
1 1 956 161 0 
1 1 957 127 0 
1 1 958 81 0 
1 1 959 27 0 
1 1 960 -27 0 
1 1 961 -76 0 
1 1 962 -113 0 
1 1 963 -136 0 
1 1 964 -142 0 
1 1 965 -132 0 
1 1 966 -107 0 
1 1 967 -71 0 
1 1 968 -29 0 
1 1 969 15 0 
1 1 970 54 0 
1 1 971 85 0 
1 1 972 105 0 
1 1 973 111 0 
1 1 974 105 0 
1 1 975 86 0 
1 1 976 59 0 
1 1 977 26 0 
1 1 978 -8 0 
1 1 979 -39 0 
1 1 980 -64 0 
1 1 981 -81 0 
1 1 982 -87 0 
1 1 983 -83 0 
1 1 984 -70 0 
1 1 985 -50 0 
1 1 986 -25 0 
1 1 987 1 0 
1 1 988 26 0 
1 1 989 46 0 
1 1 990 60 0 
1 1 991 66 0 
1 1 992 64 0 
1 1 993 54 0 
1 1 994 39 0 
1 1 995 21 0 
1 1 996 1 0 
1 1 997 -18 0 
1 1 998 -34 0 
1 1 999 -44 0 
1 1 1000 -50 0 
1 1 1001 -49 0 
1 1 1002 -42 0 
1 1 1003 -32 0 
1 1 1004 -18 0 
1 1 1005 -4 0 
1 1 1006 10 0 
1 1 1007 22 0 
1 1 1008 30 0 
1 1 1009 35 0 
1 1 1010 34 0 
1 1 1011 30 0 
1 1 1012 23 0 
1 1 1013 13 0 
1 1 1014 2 0 
1 1 1015 -9 0 
1 1 1016 -19 0 
1 1 1017 -28 0 
1 1 1018 -35 0 
1 1 1019 -41 0 
1 1 1020 -47 0 
1 1 1021 -58 0 
1 1 1022 -76 0 
1 1 1023 91 0 
1 1 1024 1 0 
1 0 0 0 4108200 
1 0 0 0 6581151 
1 0 0 0 -4318399 
1 0 0 0 -6214332 
1 0 0 0 -4612596 
1 0 0 0 -2516349 
1 0 0 0 -3572128 
1 0 0 0 7172058 
1 0 0 0 -7527707 
1 0 0 0 1554690 
1 0 0 0 -5655618 
1 0 0 0 5677506 
1 0 0 0 -5577403 
1 0 0 0 36920 
1 0 0 0 8377358 
1 0 0 0 -2425866 
1 0 0 0 -7598776 
1 0 0 0 -4803979 
1 0 0 0 -1713976 
1 0 0 0 -2790585 
1 0 0 0 -4536517 
1 0 0 0 7316882 
1 0 0 0 3073397 
1 0 0 0 7752982 
1 0 0 0 -1040638 
1 0 0 0 7387623 
1 0 0 0 -8290725 
1 0 0 0 1850644 
1 0 0 0 5051213 
1 0 0 0 -4479827 
1 0 0 0 7255620 
1 0 0 0 4416816 
1 0 0 0 5476914 
1 0 0 0 1232514 
1 0 0 0 4908705 
1 0 0 0 -2868213 
1 0 0 0 -4639539 
1 0 0 0 -3147635 
1 0 0 0 1418068 
1 0 0 0 5535040 
1 0 0 0 -3515457 
1 0 0 0 -1634867 
1 0 0 0 6074313 
1 0 0 0 1925010 
1 0 0 0 8240763 
1 0 0 0 -4971108 
1 0 0 0 5489657 
1 0 0 0 2950468 
1 0 0 0 -4211929 
1 0 0 0 -406250 
1 0 0 0 -1693237 
1 0 0 0 1668296 
1 0 0 0 5041935 
1 0 0 0 -6625847 
1 0 0 0 5392905 
1 0 0 0 5722479 
1 0 0 0 -2440981 
1 0 0 0 -1173240 
1 0 0 0 1211972 
1 0 0 0 3369279 
1 0 0 0 4067967 
1 0 0 0 4326578 
1 0 0 0 -1860111 
1 0 0 0 -1186108 
1 0 0 0 7656192 
1 0 0 0 1224256 
1 0 0 0 5867362 
1 0 0 0 -3752303 
1 0 0 0 2052249 
1 0 0 0 1482463 
1 0 0 0 7775710 
1 0 0 0 -6947400 
1 0 0 0 8370 
1 0 0 0 362214 
1 0 0 0 -6875874 
1 0 0 0 6789176 
1 0 0 0 6448976 
1 0 0 0 -1023584 
1 0 0 0 4726521 
1 0 0 0 -5897779 
1 0 0 0 2010177 
1 0 0 0 -4016069 
1 0 0 0 -911738 
1 0 0 0 5771354 
1 0 0 0 -5096836 
1 0 0 0 -3290824 
1 0 0 0 -280271 
1 0 0 0 -2721063 
1 0 0 0 5007761 
1 0 0 0 8178684 
1 0 0 0 -5720233 
1 0 0 0 -4414425 
1 0 0 0 3392967 
1 0 0 0 -2089239 
1 0 0 0 7947449 
1 0 0 0 7923972 
1 0 0 0 2410853 
1 0 0 0 6041456 
1 0 0 0 -1646124 
1 0 0 0 2213431 
1 0 0 0 8140919 
1 0 0 0 997865 
1 0 0 0 7274465 
1 0 0 0 3696745 
1 0 0 0 -267790 
1 0 0 0 2332554 
1 0 0 0 6503467 
1 0 0 0 -5054359 
1 0 0 0 -1755463 
1 0 0 0 8257331 
1 0 0 0 -1638269 
1 0 0 0 2665169 
1 0 0 0 6733504 
1 0 0 0 8311127 
1 0 0 0 2569653 
1 0 0 0 -6569347 
1 0 0 0 -7782716 
1 0 0 0 1981242 
1 0 0 0 1126495 
1 0 0 0 7750480 
1 0 0 0 4128964 
1 0 0 0 2726567 
1 0 0 0 391132 
1 0 0 0 -4028306 
1 0 0 0 7750969 
1 0 0 0 674511 
1 0 0 0 -7880759 
1 0 0 0 3293610 
1 0 0 0 330782 
1 0 0 0 -7398240 
1 0 0 0 6543722 
1 0 0 0 -2848734 
1 0 0 0 -4534862 
1 0 0 0 -6476868 
1 0 0 0 -3172191 
1 0 0 0 -4556150 
1 0 0 0 2550089 
1 0 0 0 -7278626 
1 0 0 0 -3767637 
1 0 0 0 -3660450 
1 0 0 0 6376453 
1 0 0 0 -933982 
1 0 0 0 4293526 
1 0 0 0 1733025 
1 0 0 0 4752413 
1 0 0 0 -6477170 
1 0 0 0 8028969 
1 0 0 0 5848481 
1 0 0 0 -7538901 
1 0 0 0 -567040 
1 0 0 0 -2925053 
1 0 0 0 2184479 
1 0 0 0 -4524830 
1 0 0 0 1340247 
1 0 0 0 1730675 
1 0 0 0 1675693 
1 0 0 0 -865237 
1 0 0 0 -7794301 
1 0 0 0 231774 
1 0 0 0 -1548032 
1 0 0 0 -6575897 
1 0 0 0 -673176 
1 0 0 0 -824051 
1 0 0 0 857992 
1 0 0 0 5123834 
1 0 0 0 3369705 
1 0 0 0 6245075 
1 0 0 0 -7512969 
1 0 0 0 -4702968 
1 0 0 0 -677095 
1 0 0 0 7692917 
1 0 0 0 4866153 
1 0 0 0 -807411 
1 0 0 0 -2794612 
1 0 0 0 -7397154 
1 0 0 0 4041720 
1 0 0 0 113993 
1 0 0 0 -5034417 
1 0 0 0 -1221490 
1 0 0 0 -5558455 
1 0 0 0 4222734 
1 0 0 0 -2208707 
1 0 0 0 7412472 
1 0 0 0 -8100501 
1 0 0 0 5520642 
1 0 0 0 2123844 
1 0 0 0 650058 
1 0 0 0 2525099 
1 0 0 0 3802212 
1 0 0 0 -6803353 
1 0 0 0 6334639 
1 0 0 0 -8147652 
1 0 0 0 -3451030 
1 0 0 0 -5370138 
1 0 0 0 7152031 
1 0 0 0 -7244731 
1 0 0 0 1360518 
1 0 0 0 2301015 
1 0 0 0 2537877 
1 0 0 0 6117342 
1 0 0 0 -7449881 
1 0 0 0 5315947 
1 0 0 0 485238 
1 0 0 0 3260661 
1 0 0 0 -4825046 
1 0 0 0 726117 
1 0 0 0 3397726 
1 0 0 0 7657701 
1 0 0 0 -930429 
1 0 0 0 -6955871 
1 0 0 0 -7426600 
1 0 0 0 2171818 
1 0 0 0 4969060 
1 0 0 0 3207658 
1 0 0 0 -2595304 
1 0 0 0 7496339 
1 0 0 0 338737 
1 0 0 0 7613719 
1 0 0 0 -7153879 
1 0 0 0 -4915189 
1 0 0 0 4614201 
1 0 0 0 6948918 
1 0 0 0 4740413 
1 0 0 0 -3430367 
1 0 0 0 -5841060 
1 0 0 0 5836969 
1 0 0 0 4779067 
1 0 0 0 -3844810 
1 0 0 0 -4566579 
1 0 0 0 -3002733 
1 0 0 0 5529129 
1 0 0 0 5405320 
1 0 0 0 1185861 
1 0 0 0 1205101 
1 0 0 0 -3590018 
1 0 0 0 3340906 
1 0 0 0 4970383 
1 0 0 0 -979974 
1 0 0 0 -902353 
1 0 0 0 -576090 
1 0 0 0 -3707108 
1 0 0 0 2942309 
1 0 0 0 6772366 
1 0 0 0 6853927 
1 0 0 0 4147276 
1 0 0 0 -4017951 
1 0 0 0 3181595 
1 0 0 0 -6176857 
1 0 0 0 -6316608 
1 0 0 0 -5185790 
1 0 0 0 -5943630 
1 0 0 0 1426795 
1 0 0 0 -7157804 
1 0 0 0 5407736 
1 0 0 0 3739691 
1 0 0 0 7144712 
1 0 0 0 -123504 
1 0 0 0 2598503 
1 0 0 0 6545185 
1 0 0 0 646351 
1 0 0 0 -3653991 
1 0 0 0 7985242 
1 0 0 0 -7777490 
1 0 0 0 -2915133 
1 0 0 0 7935851 
1 0 0 0 -2264377 
1 0 0 0 -3201939 
1 0 0 0 -6360035 
1 0 0 0 6975391 
1 0 0 0 -6115661 
1 0 0 0 -2816595 
1 0 0 0 6668606 
1 0 0 0 -5893 
1 0 0 0 1934215 
1 0 0 0 1394739 
1 0 0 0 3326148 
1 0 0 0 -7896493 
1 0 0 0 467793 
1 0 0 0 -7850515 
1 0 0 0 5488537 
1 0 0 0 -2684586 
1 0 0 0 5816844 
1 0 0 0 -4260246 
1 0 0 0 1367196 
1 0 0 0 7342999 
1 0 0 0 -7586871 
1 0 0 0 -7483014 
1 0 0 0 -8042695 
1 0 0 0 3044704 
1 0 0 0 1654712 
1 0 0 0 -6475502 
1 0 0 0 4970172 
1 0 0 0 1977204 
1 0 0 0 -7210621 
1 0 0 0 -7226300 
1 0 0 0 -6106783 
1 0 0 0 4846792 
1 0 0 0 -6838420 
1 0 0 0 -4397832 
1 0 0 0 -4300875 
1 0 0 0 -6629984 
1 0 0 0 6012161 
1 0 0 0 3325240 
1 0 0 0 3921542 
1 0 0 0 2525484 
1 0 0 0 272974 
1 0 0 0 -2912724 
1 0 0 0 2714154 
1 0 0 0 -6416187 
1 0 0 0 -5908644 
1 0 0 0 -8057012 
1 0 0 0 7789522 
1 0 0 0 7891547 
1 0 0 0 -6310574 
1 0 0 0 -546770 
1 0 0 0 2628889 
1 0 0 0 -3520103 
1 0 0 0 4270416 
1 0 0 0 975059 
1 0 0 0 -1211440 
1 0 0 0 -3905836 
1 0 0 0 4256984 
1 0 0 0 6683645 
1 0 0 0 3832654 
1 0 0 0 -1563131 
1 0 0 0 7353719 
1 0 0 0 -4103247 
1 0 0 0 556386 
1 0 0 0 7629520 
1 0 0 0 -3896550 
1 0 0 0 -4192885 
1 0 0 0 7175157 
1 0 0 0 -7237988 
1 0 0 0 -3365504 
1 0 0 0 1536516 
1 0 0 0 -4977815 
1 0 0 0 2279741 
1 0 0 0 5005822 
1 0 0 0 28538 
1 0 0 0 2530207 
1 0 0 0 4965300 
1 0 0 0 -4473246 
1 0 0 0 1691796 
1 0 0 0 -6501803 
1 0 0 0 264503 
1 0 0 0 5668026 
1 0 0 0 7059686 
1 0 0 0 -29731 
1 0 0 0 -3731067 
1 0 0 0 2558860 
1 0 0 0 7001112 
1 0 0 0 165078 
1 0 0 0 7955612 
1 0 0 0 -5078817 
1 0 0 0 -6523234 
1 0 0 0 -3399831 
1 0 0 0 -1737809 
1 0 0 0 -1329500 
1 0 0 0 -3162919 
1 0 0 0 3252148 
1 0 0 0 -6847255 
1 0 0 0 -1642681 
1 0 0 0 -3436296 
1 0 0 0 -3246446 
1 0 0 0 -6617587 
1 0 0 0 1574165 
1 0 0 0 -3645228 
1 0 0 0 -5784422 
1 0 0 0 -8377558 
1 0 0 0 -3630667 
1 0 0 0 852465 
1 0 0 0 6222706 
1 0 0 0 -7679714 
1 0 0 0 6790108 
1 0 0 0 -6191228 
1 0 0 0 5599042 
1 0 0 0 5041022 
1 0 0 0 7010864 
1 0 0 0 -6085035 
1 0 0 0 79395 
1 0 0 0 -1594533 
1 0 0 0 -5476551 
1 0 0 0 1261371 
1 0 0 0 1782041 
1 0 0 0 -4790806 
1 0 0 0 334407 
1 0 0 0 8207175 
1 0 0 0 -169196 
1 0 0 0 3269429 
1 0 0 0 -1486096 
1 0 0 0 -7805152 
1 0 0 0 -3475710 
1 0 0 0 5057353 
1 0 0 0 -2575270 
1 0 0 0 -6990799 
1 0 0 0 186333 
1 0 0 0 -2234165 
1 0 0 0 4017799 
1 0 0 0 415071 
1 0 0 0 5109012 
1 0 0 0 5316887 
1 0 0 0 -5209805 
1 0 0 0 -6313377 
1 0 0 0 5385427 
1 0 0 0 2313538 
1 0 0 0 -8118163 
1 0 0 0 6643016 
1 0 0 0 257950 
1 0 0 0 746954 
1 0 0 0 1785803 
1 0 0 0 4369394 
1 0 0 0 5961731 
1 0 0 0 -1965142 
1 0 0 0 -6968431 
1 0 0 0 3923742 
1 0 0 0 -2818752 
1 0 0 0 5700051 
1 0 0 0 -2152126 
1 0 0 0 5506538 
1 0 0 0 -5427117 
1 0 0 0 -6215626 
1 0 0 0 6373388 
1 0 0 0 -7649083 
1 0 0 0 3132642 
1 0 0 0 3922058 
1 0 0 0 -1054072 
1 0 0 0 -2015969 
1 0 0 0 8047316 
1 0 0 0 -1694610 
1 0 0 0 -1003498 
1 0 0 0 -5757809 
1 0 0 0 -2918661 
1 0 0 0 -3119524 
1 0 0 0 6618622 
1 0 0 0 -4244230 
1 0 0 0 -3176280 
1 0 0 0 -1528927 
1 0 0 0 3489843 
1 0 0 0 -5978770 
1 0 0 0 6229750 
1 0 0 0 -6993484 
1 0 0 0 -641933 
1 0 0 0 -7878765 
1 0 0 0 4248000 
1 0 0 0 3356159 
1 0 0 0 -4789690 
1 0 0 0 3018299 
1 0 0 0 961211 
1 0 0 0 5883415 
1 0 0 0 982565 
1 0 0 0 6740643 
1 0 0 0 -1350269 
1 0 0 0 -2380212 
1 0 0 0 -184759 
1 0 0 0 -4094276 
1 0 0 0 7200265 
1 0 0 0 -557729 
1 0 0 0 -4127064 
1 0 0 0 -1153963 
1 0 0 0 3397889 
1 0 0 0 -1638633 
1 0 0 0 -5337838 
1 0 0 0 5976901 
1 0 0 0 1412662 
1 0 0 0 -2120997 
1 0 0 0 -4669191 
1 0 0 0 -4714497 
1 0 0 0 372998 
1 0 0 0 -1116982 
1 0 0 0 4048409 
1 0 0 0 -7206660 
1 0 0 0 5827288 
1 0 0 0 3017889 
1 0 0 0 -6095976 
1 0 0 0 6012990 
1 0 0 0 -5035948 
1 0 0 0 1800865 
1 0 0 0 722174 
1 0 0 0 -5665252 
1 0 0 0 -8293766 
1 0 0 0 4554764 
1 0 0 0 4442398 
1 0 0 0 -1324237 
1 0 0 0 -7435441 
1 0 0 0 1438595 
1 0 0 0 -5466768 
1 0 0 0 3835450 
1 0 0 0 575308 
1 0 0 0 -4142894 
1 0 0 0 6997051 
1 0 0 0 4331785 
1 0 0 0 6493298 
1 0 0 0 -7234367 
1 0 0 0 -5309516 
1 0 0 0 3977419 
1 0 0 0 3300327 
1 0 0 0 4647169 
1 0 0 0 31934 
1 0 0 0 -1249956 
1 0 0 0 1866249 
1 0 0 0 5968861 
1 0 0 0 2865499 
1 0 0 0 395808 
1 0 0 0 -3375318 
1 0 0 0 3422033 
1 0 0 0 -1986240 
1 0 0 0 1135565 
1 0 0 0 6507227 
1 0 0 0 5753734 
1 0 0 0 6690729 
1 0 0 0 7365249 
1 0 0 0 5292123 
1 0 0 0 -8365828 
1 0 0 0 -8336755 
1 0 0 0 -6921125 
1 0 0 0 -4014329 
1 0 0 0 -8006110 
1 0 0 0 -1273646 
1 0 0 0 -2666488 
1 0 0 0 693803 
1 0 0 0 7149930 
1 0 0 0 -3380619 
1 0 0 0 -2716487 
1 0 0 0 6031075 
1 0 0 0 -2676330 
1 0 0 0 -6071333 
1 0 0 0 130844 
1 0 0 0 5983702 
1 0 0 0 -1940896 
1 0 0 0 3283148 
1 0 0 0 2145876 
1 0 0 0 -832349 
1 0 0 0 -442618 
1 0 0 0 7544820 
1 0 0 0 -6987752 
1 0 0 0 -3693858 
1 0 0 0 -889070 
1 0 0 0 1469202 
1 0 0 0 6335649 
1 0 0 0 -518408 
1 0 0 0 -1049944 
1 0 0 0 4130297 
1 0 0 0 -538374 
1 0 0 0 6053678 
1 0 0 0 -561836 
1 0 0 0 -31802 
1 0 0 0 -210879 
1 0 0 0 -4538761 
1 0 0 0 -6953280 
1 0 0 0 -7258104 
1 0 0 0 6516118 
1 0 0 0 -4476704 
1 0 0 0 6066570 
1 0 0 0 3552325 
1 0 0 0 6254764 
1 0 0 0 7348454 
1 0 0 0 -6045011 
1 0 0 0 -1780061 
1 0 0 0 8062506 
1 0 0 0 2429240 
1 0 0 0 6650652 
1 0 0 0 -298125 
1 0 0 0 -8152166 
1 0 0 0 2061590 
1 0 0 0 -4511472 
1 0 0 0 460265 
1 0 0 0 3774738 
1 0 0 0 1802137 
1 0 0 0 1482542 
1 0 0 0 -1116779 
1 0 0 0 -4292067 
1 0 0 0 -1191848 
1 0 0 0 -8217859 
1 0 0 0 1825720 
1 0 0 0 7683548 
1 0 0 0 -6787282 
1 0 0 0 -7791498 
1 0 0 0 6479949 
1 0 0 0 -4245620 
1 0 0 0 -8239039 
1 0 0 0 5283485 
1 0 0 0 -6031419 
1 0 0 0 6373101 
1 0 0 0 -6788452 
1 0 0 0 -2473632 
1 0 0 0 1567337 
1 0 0 0 1429110 
1 0 0 0 2813233 
1 0 0 0 2483482 
1 0 0 0 -1117882 
1 0 0 0 -6043846 
1 0 0 0 4226675 
1 0 0 0 -4332099 
1 0 0 0 2524288 
1 0 0 0 5995741 
1 0 0 0 -6973107 
1 0 0 0 7920341 
1 0 0 0 -7860798 
1 0 0 0 5627154 
1 0 0 0 5632335 
1 0 0 0 -7552138 
1 0 0 0 769842 
1 0 0 0 7435156 
1 0 0 0 -2995185 
1 0 0 0 5141659 
1 0 0 0 1701188 
1 0 0 0 4859025 
1 0 0 0 5019491 
1 0 0 0 -7557050 
1 0 0 0 -3637324 
1 0 0 0 2574578 
1 0 0 0 -173555 
1 0 0 0 7933144 
1 0 0 0 4168968 
1 0 0 0 1138185 
1 0 0 0 -3372822 
1 0 0 0 -4091799 
1 0 0 0 6485464 
1 0 0 0 -892534 
1 0 0 0 5301386 
1 0 0 0 -6738782 
1 0 0 0 6032977 
1 0 0 0 -7925071 
1 0 0 0 6696733 
1 0 0 0 6709804 
1 0 0 0 404431 
1 0 0 0 -6371995 
1 0 0 0 -5405719 
1 0 0 0 3457911 
1 0 0 0 5559294 
1 0 0 0 -7804194 
1 0 0 0 4325815 
1 0 0 0 7669069 
1 0 0 0 -2636196 
1 0 0 0 2319344 
1 0 0 0 -2633926 
1 0 0 0 -4756821 
1 0 0 0 4801649 
1 0 0 0 3742828 
1 0 0 0 -3710468 
1 0 0 0 1382969 
1 0 0 0 -1325304 
1 0 0 0 -6843952 
1 0 0 0 -7985497 
1 0 0 0 -148549 
1 0 0 0 -3720063 
1 0 0 0 -2688429 
1 0 0 0 -3567682 
1 0 0 0 -5521328 
1 0 0 0 -1690082 
1 0 0 0 3316009 
1 0 0 0 -4971485 
1 0 0 0 2790495 
1 0 0 0 -955193 
1 0 0 0 -1119120 
1 0 0 0 -5448579 
1 0 0 0 -5147212 
1 0 0 0 1953225 
1 0 0 0 -3875359 
1 0 0 0 1001229 
1 0 0 0 7462237 
1 0 0 0 3598236 
1 0 0 0 3006806 
1 0 0 0 7707127 
1 0 0 0 4619343 
1 0 0 0 1807358 
1 0 0 0 7516232 
1 0 0 0 -7387988 
1 0 0 0 -3880363 
1 0 0 0 8165136 
1 0 0 0 4566871 
1 0 0 0 -413487 
1 0 0 0 3034990 
1 0 0 0 -1393604 
1 0 0 0 -2010763 
1 0 0 0 -4810525 
1 0 0 0 -1963975 
1 0 0 0 -7890866 
1 0 0 0 -464376 
1 0 0 0 -2795543 
1 0 0 0 7983351 
1 0 0 0 930188 
1 0 0 0 5810010 
1 0 0 0 -1542439 
1 0 0 0 -637230 
1 0 0 0 5474518 
1 0 0 0 8241022 
1 0 0 0 401774 
1 0 0 0 7137646 
1 0 0 0 4010121 
1 0 0 0 1131288 
1 0 0 0 7864784 
1 0 0 0 5444196 
1 0 0 0 7710964 
1 0 0 0 2455279 
1 0 0 0 -2020422 
1 0 0 0 -393012 
1 0 0 0 6910364 
1 0 0 0 -8139402 
1 0 0 0 -5759722 
1 0 0 0 -477012 
1 0 0 0 721280 
1 0 0 0 -7387159 
1 0 0 0 2651308 
1 0 0 0 6536995 
1 0 0 0 -6549279 
1 0 0 0 -1043994 
1 0 0 0 -3687128 
1 0 0 0 8141082 
1 0 0 0 1824668 
1 0 0 0 -4131403 
1 0 0 0 -6163703 
1 0 0 0 755056 
1 0 0 0 5499637 
1 0 0 0 5654027 
1 0 0 0 5592662 
1 0 0 0 -4970831 
1 0 0 0 745205 
1 0 0 0 6290495 
1 0 0 0 -6358564 
1 0 0 0 5978573 
1 0 0 0 6707128 
1 0 0 0 -4733438 
1 0 0 0 -7097114 
1 0 0 0 -432598 
1 0 0 0 5620828 
1 0 0 0 -513492 
1 0 0 0 -1446701 
1 0 0 0 46074 
1 0 0 0 -6284075 
1 0 0 0 -6169229 
1 0 0 0 6215545 
1 0 0 0 1727217 
1 0 0 0 -3937584 
1 0 0 0 6120371 
1 0 0 0 -7413694 
1 0 0 0 -708773 
1 0 0 0 3728059 
1 0 0 0 -2701147 
1 0 0 0 -1657256 
1 0 0 0 452645 
1 0 0 0 6614177 
1 0 0 0 4670116 
1 0 0 0 -7224813 
1 0 0 0 -3711380 
1 0 0 0 -2023839 
1 0 0 0 6118190 
1 0 0 0 -1342843 
1 0 0 0 -4364132 
1 0 0 0 1638370 
1 0 0 0 -345537 
1 0 0 0 6686517 
1 0 0 0 7293210 
1 0 0 0 5333256 
1 0 0 0 3504911 
1 0 0 0 4080564 
1 0 0 0 6706017 
1 0 0 0 -7294066 
1 0 0 0 -2752954 
1 0 0 0 -8315878 
1 0 0 0 5504530 
1 0 0 0 124744 
1 0 0 0 -2245422 
1 0 0 0 -4586225 
1 0 0 0 584379 
1 0 0 0 -3531858 
1 0 0 0 -7241535 
1 0 0 0 -6963036 
1 0 0 0 -7242062 
1 0 0 0 -1513029 
1 0 0 0 -6318612 
1 0 0 0 -956023 
1 0 0 0 6693098 
1 0 0 0 -2455531 
1 0 0 0 -6372354 
1 0 0 0 1159490 
1 0 0 0 6292005 
1 0 0 0 -2540491 
1 0 0 0 -7685291 
1 0 0 0 -6000544 
1 0 0 0 -7103594 
1 0 0 0 4035366 
1 0 0 0 -729388 
1 0 0 0 2822755 
1 0 0 0 3342794 
1 0 0 0 1197175 
1 0 0 0 2159115 
1 0 0 0 6337826 
1 0 0 0 2723810 
1 0 0 0 6298395 
1 0 0 0 -544974 
1 0 0 0 -6017383 
1 0 0 0 -7245502 
1 0 0 0 3594391 
1 0 0 0 -3221460 
1 0 0 0 2871654 
1 0 0 0 2557197 
1 0 0 0 520913 
1 0 0 0 3608897 
1 0 0 0 80708 
1 0 0 0 -201338 
1 0 0 0 -36268 
1 0 0 0 7314456 
1 0 0 0 -1857546 
1 0 0 0 -6423239 
1 0 0 0 -4354971 
1 0 0 0 3102249 
1 0 0 0 5691731 
1 0 0 0 7887718 
1 0 0 0 -4778661 
1 0 0 0 4367836 
1 0 0 0 1411011 
1 0 0 0 -1628203 
1 0 0 0 168448 
1 0 0 0 -73078 
1 0 0 0 2539539 
1 0 0 0 4088710 
1 0 0 0 -3322670 
1 0 0 0 -6885170 
1 0 0 0 5468793 
1 0 0 0 -1852423 
1 0 0 0 4618848 
1 0 0 0 -5379294 
1 0 0 0 -6553832 
1 0 0 0 6797428 
1 0 0 0 6314122 
1 0 0 0 8385127 
1 0 0 0 6111179 
1 0 0 0 -7769906 
1 0 0 0 749646 
1 0 0 0 8348614 
1 0 0 0 184686 
1 0 0 0 6266494 
1 0 0 0 -7210488 
1 0 0 0 8179542 
1 0 0 0 7091954 
1 0 0 0 1078119 
1 0 0 0 -1149876 
1 0 0 0 -2720517 
1 0 0 0 3703124 
1 0 0 0 -8159506 
1 0 0 0 -2112920 
1 0 0 0 7091481 
1 0 0 0 779799 
1 0 0 0 -438106 
1 0 0 0 -58095 
1 0 0 0 -3204934 
1 0 0 0 7563799 
1 0 0 0 8086505 
1 0 0 0 227551 
1 0 0 0 8264285 
1 0 0 0 -740820 
1 0 0 0 -1240829 
1 0 0 0 -4811458 
1 0 0 0 -5146420 
1 0 0 0 5582689 
1 0 0 0 3802339 
1 0 0 0 499049 
1 0 0 0 5521058 
1 0 0 0 199219 
1 0 0 0 871775 
1 0 0 0 -4810282 
1 0 0 0 1473385 
1 0 0 0 -5993439 
1 0 0 0 -7512443 
1 0 0 0 3075396 
1 0 0 0 1821325 
1 0 0 0 -4703393 
1 0 0 0 -1572362 
1 0 0 0 2179493 
1 0 0 0 927907 
1 0 0 0 -6248187 
1 0 0 0 -5549932 
1 0 0 0 -8371841 
1 0 0 0 -1373006 
1 0 0 0 -193179 
1 0 0 0 -5706454 
1 0 0 0 2799086 
1 0 0 0 -8087955 
1 0 0 0 -6380789 
1 0 0 0 7585403 
1 0 0 0 7983504 
1 0 0 0 -7869949 
1 0 0 0 -102646 
1 0 0 0 6085467 
1 0 0 0 -4313823 
1 0 0 0 5608122 
1 0 0 0 5261187 
1 0 0 0 2163809 
1 0 0 0 -8351058 
1 0 0 0 -2017898 
1 0 0 0 6784801 
1 0 0 0 3025798 
1 0 0 0 -2033011 
1 0 0 0 2213832 
1 0 0 0 -4307223 
1 0 0 0 1198112 
1 0 0 0 8082067 
1 0 0 0 5866690 
1 0 0 0 -3633204 
1 0 0 0 3061131 
1 0 0 0 -2380276 
1 0 0 0 8169275 
1 0 0 0 -6979552 
1 0 0 0 -4189173 
1 0 0 0 5223529 
1 0 0 0 -6972224 
1 0 0 0 524354 
1 0 0 0 5043616 
1 0 0 0 4006789 
1 0 0 0 -6011898 
1 0 0 0 -1041962 
1 0 0 0 -2510201 
1 0 0 0 -360753 
1 0 0 0 1466385 
1 0 0 0 -5942395 
1 0 0 0 6800319 
1 0 0 0 2352069 
1 0 0 0 -5654936 
1 0 0 0 1105796 
1 0 0 0 7241317 
1 0 0 0 4749661 
1 0 0 0 3115313 
1 0 0 0 -566747 
1 0 0 0 -4021196 
1 0 0 0 1162127 
1 0 0 0 -4214929 
1 0 0 0 -3031617 
1 0 0 0 6892117 
1 0 0 0 6462919 
1 0 0 0 4942390 
1 0 0 0 7143903 
1 0 0 0 -5388172 
1 0 0 0 294291 
1 0 0 0 2130795 
1 0 0 0 6932049 
1 0 0 0 2750930 
1 0 0 0 -1859036 
1 0 0 0 4026659 
1 0 0 0 5329028 
1 0 0 0 1683506 
1 0 0 0 -6962594 
1 0 0 0 7085991 
1 0 0 0 -7489386 
1 0 0 0 453403 
1 0 0 0 -6394581 
1 0 0 0 -2010867 
1 0 0 0 5248458 
1 0 0 0 -4293359 
1 0 0 0 6449541 
1 0 0 0 3567621 
1 0 0 0 -2044330 
1 0 0 0 -4212430 
1 0 0 0 -4146427 
1 0 0 0 4483603 
1 0 0 0 -7552065 
1 0 0 0 3108626 
1 0 0 0 2017932 
1 0 0 0 4138681 
1 0 0 0 8007021 
1 0 0 0 -1947609 
1 0 0 0 -4023083 
1 0 0 0 6332887 
1 0 0 0 5135438 
1 0 0 0 -652281 
1 0 0 0 -6862525 
1 0 0 0 1078251 
1 0 0 0 -5244845 
1 0 0 0 531663 
1 0 0 0 -2432138 
1 0 0 0 -3107418 
1 0 0 0 3804090 
1 0 0 0 264624 
1 0 0 0 4876212 
1 0 0 0 -4957792 
1 0 0 0 2988124 
1 0 0 0 -7508047 
1 0 0 0 5052833 
1 0 0 0 2995884 
1 0 0 0 7482788 
1 0 0 0 -6852518 
1 0 0 0 6852458 
1 0 0 0 166984 
1 0 0 0 1927761 
1 0 0 0 -3085814 
1 0 0 0 -7088584 
1 0 0 0 5882327 
1 0 0 0 -5963849 
1 0 0 0 -2172888 
1 0 0 0 2053387 
1 0 0 0 8347535 
1 0 0 0 290986 
1 0 0 0 8229412 
1 0 0 0 -4587991 
1 0 0 0 -1711190 
1 0 0 0 3297875 
1 0 0 0 -7304117 
1 0 0 0 4155071 
1 0 0 0 -1335460 
1 0 0 0 5223039 
