1 0 0 0 0 
0 0 0 0 0 
1 0 0 0 0 
1 1 0 91 0 
1 1 1 -76 0 
1 1 2 -58 0 
1 1 3 -47 0 
1 1 4 -41 0 
1 1 5 -35 0 
1 1 6 -28 0 
1 1 7 -19 0 
1 1 8 -9 0 
1 1 9 2 0 
1 1 10 13 0 
1 1 11 23 0 
1 1 12 30 0 
1 1 13 34 0 
1 1 14 35 0 
1 1 15 30 0 
1 1 16 22 0 
1 1 17 10 0 
1 1 18 -4 0 
1 1 19 -18 0 
1 1 20 -32 0 
1 1 21 -42 0 
1 1 22 -49 0 
1 1 23 -50 0 
1 1 24 -44 0 
1 1 25 -34 0 
1 1 26 -18 0 
1 1 27 1 0 
1 1 28 21 0 
1 1 29 39 0 
1 1 30 54 0 
1 1 31 64 0 
1 1 32 66 0 
1 1 33 60 0 
1 1 34 46 0 
1 1 35 26 0 
1 1 36 1 0 
1 1 37 -25 0 
1 1 38 -50 0 
1 1 39 -70 0 
1 1 40 -83 0 
1 1 41 -87 0 
1 1 42 -81 0 
1 1 43 -64 0 
1 1 44 -39 0 
1 1 45 -8 0 
1 1 46 26 0 
1 1 47 59 0 
1 1 48 86 0 
1 1 49 105 0 
1 1 50 111 0 
1 1 51 105 0 
1 1 52 85 0 
1 1 53 54 0 
1 1 54 15 0 
1 1 55 -29 0 
1 1 56 -71 0 
1 1 57 -107 0 
1 1 58 -132 0 
1 1 59 -142 0 
1 1 60 -136 0 
1 1 61 -113 0 
1 1 62 -76 0 
1 1 63 -27 0 
1 1 64 27 0 
1 1 65 81 0 
1 1 66 127 0 
1 1 67 161 0 
1 1 68 176 0 
1 1 69 171 0 
1 1 70 146 0 
1 1 71 101 0 
1 1 72 42 0 
1 1 73 -25 0 
1 1 74 -92 0 
1 1 75 -151 0 
1 1 76 -195 0 
1 1 77 -218 0 
1 1 78 -215 0 
1 1 79 -187 0 
1 1 80 -135 0 
1 1 81 -64 0 
1 1 82 17 0 
1 1 83 100 0 
1 1 84 175 0 
1 1 85 232 0 
1 1 86 263 0 
1 1 87 265 0 
1 1 88 234 0 
1 1 89 174 0 
1 1 90 90 0 
1 1 91 -8 0 
1 1 92 -109 0 
1 1 93 -202 0 
1 1 94 -275 0 
1 1 95 -317 0 
1 1 96 -324 0 
1 1 97 -292 0 
1 1 98 -224 0 
1 1 99 -126 0 
1 1 100 -9 0 
1 1 101 113 0 
1 1 102 228 0 
1 1 103 319 0 
1 1 104 376 0 
1 1 105 390 0 
1 1 106 358 0 
1 1 107 282 0 
1 1 108 169 0 
1 1 109 31 0 
1 1 110 -116 0 
1 1 111 -255 0 
1 1 112 -369 0 
1 1 113 -443 0 
1 1 114 -468 0 
1 1 115 -437 0 
1 1 116 -353 0 
1 1 117 -223 0 
1 1 118 -62 0 
1 1 119 112 0 
1 1 120 280 0 
1 1 121 420 0 
1 1 122 516 0 
1 1 123 553 0 
1 1 124 526 0 
1 1 125 434 0 
1 1 126 288 0 
1 1 127 101 0 
1 1 128 -104 0 
1 1 129 -305 0 
1 1 130 -476 0 
1 1 131 -597 0 
1 1 132 -651 0 
1 1 133 -629 0 
1 1 134 -532 0 
1 1 135 -367 0 
1 1 136 -153 0 
1 1 137 86 0 
1 1 138 324 0 
1 1 139 532 0 
1 1 140 683 0 
1 1 141 758 0 
1 1 142 745 0 
1 1 143 642 0 
1 1 144 460 0 
1 1 145 216 0 
1 1 146 -61 0 
1 1 147 -341 0 
1 1 148 -590 0 
1 1 149 -777 0 
1 1 150 -877 0 
1 1 151 -877 0 
1 1 152 -772 0 
1 1 153 -571 0 
1 1 154 -296 0 
1 1 155 23 0 
1 1 156 350 0 
1 1 157 646 0 
1 1 158 875 0 
1 1 159 1007 0 
1 1 160 1023 0 
1 1 161 917 0 
1 1 162 699 0 
1 1 163 391 0 
1 1 164 26 0 
1 1 165 -353 0 
1 1 166 -703 0 
1 1 167 -980 0 
1 1 168 -1149 0 
1 1 169 -1187 0 
1 1 170 -1085 0 
1 1 171 -850 0 
1 1 172 -507 0 
1 1 173 -94 0 
1 1 174 344 0 
1 1 175 754 0 
1 1 176 1087 0 
1 1 177 1301 0 
1 1 178 1366 0 
1 1 179 1271 0 
1 1 180 1022 0 
1 1 181 643 0 
1 1 182 177 0 
1 1 183 -324 0 
1 1 184 -802 0 
1 1 185 -1199 0 
1 1 186 -1465 0 
1 1 187 -1565 0 
1 1 188 -1481 0 
1 1 189 -1220 0 
1 1 190 -806 0 
1 1 191 -284 0 
1 1 192 287 0 
1 1 193 841 0 
1 1 194 1310 0 
1 1 195 1637 0 
1 1 196 1779 0 
1 1 197 1714 0 
1 1 198 1443 0 
1 1 199 993 0 
1 1 200 412 0 
1 1 201 -235 0 
1 1 202 -871 0 
1 1 203 -1423 0 
1 1 204 -1821 0 
1 1 205 -2013 0 
1 1 206 -1973 0 
1 1 207 -1696 0 
1 1 208 -1211 0 
1 1 209 -569 0 
1 1 210 159 0 
1 1 211 888 0 
1 1 212 1531 0 
1 1 213 2010 0 
1 1 214 2264 0 
1 1 215 2255 0 
1 1 216 1979 0 
1 1 217 1460 0 
1 1 218 754 0 
1 1 219 -61 0 
1 1 220 -890 0 
1 1 221 -1637 0 
1 1 222 -2208 0 
1 1 223 -2534 0 
1 1 224 -2567 0 
1 1 225 -2296 0 
1 1 226 -1746 0 
1 1 227 -975 0 
1 1 228 -67 0 
1 1 229 872 0 
1 1 230 1732 0 
1 1 231 2410 0 
1 1 232 2819 0 
1 1 233 2904 0 
1 1 234 2647 0 
1 1 235 2069 0 
1 1 236 1231 0 
1 1 237 225 0 
1 1 238 -833 0 
1 1 239 -1820 0 
1 1 240 -2616 0 
1 1 241 -3122 0 
1 1 242 -3271 0 
1 1 243 -3036 0 
1 1 244 -2435 0 
1 1 245 -1530 0 
1 1 246 -422 0 
1 1 247 765 0 
1 1 248 1890 0 
1 1 249 2820 0 
1 1 250 3438 0 
1 1 251 3664 0 
1 1 252 3462 0 
1 1 253 2844 0 
1 1 254 1873 0 
1 1 255 657 0 
1 1 256 -668 0 
1 1 257 -1945 0 
1 1 258 -3024 0 
1 1 259 -3771 0 
1 1 260 -4089 0 
1 1 261 -3930 0 
1 1 262 -3302 0 
1 1 263 -2268 0 
1 1 264 -940 0 
1 1 265 532 0 
1 1 266 1976 0 
1 1 267 3220 0 
1 1 268 4113 0 
1 1 269 4540 0 
1 1 270 4439 0 
1 1 271 3810 0 
1 1 272 2715 0 
1 1 273 1271 0 
1 1 274 -357 0 
1 1 275 -1981 0 
1 1 276 -3410 0 
1 1 277 -4468 0 
1 1 278 -5022 0 
1 1 279 -4994 0 
1 1 280 -4375 0 
1 1 281 -3223 0 
1 1 282 -1662 0 
1 1 283 132 0 
1 1 284 1952 0 
1 1 285 3584 0 
1 1 286 4829 0 
1 1 287 5530 0 
1 1 288 5594 0 
1 1 289 4996 0 
1 1 290 3793 0 
1 1 291 2113 0 
1 1 292 144 0 
1 1 293 -1887 0 
1 1 294 -3742 0 
1 1 295 -5196 0 
1 1 296 -6069 0 
1 1 297 -6243 0 
1 1 298 -5682 0 
1 1 299 -4436 0 
1 1 300 -2636 0 
1 1 301 -483 0 
1 1 302 1776 0 
1 1 303 3875 0 
1 1 304 5564 0 
1 1 305 6632 0 
1 1 306 6940 0 
1 1 307 6432 0 
1 1 308 5152 0 
1 1 309 3234 0 
1 1 310 889 0 
1 1 311 -1614 0 
1 1 312 -3982 0 
1 1 313 -5933 0 
1 1 314 -7224 0 
1 1 315 -7690 0 
1 1 316 -7257 0 
1 1 317 -5955 0 
1 1 318 -3919 0 
1 1 319 -1374 0 
1 1 320 1391 0 
1 1 321 4053 0 
1 1 322 6294 0 
1 1 323 7840 0 
1 1 324 8493 0 
1 1 325 8156 0 
1 1 326 6846 0 
1 1 327 4696 0 
1 1 328 1943 0 
1 1 329 -1101 0 
1 1 330 -4083 0 
1 1 331 -6648 0 
1 1 332 -8483 0 
1 1 333 -9355 0 
1 1 334 -9140 0 
1 1 335 -7839 0 
1 1 336 -5581 0 
1 1 337 -2613 0 
1 1 338 730 0 
1 1 339 4061 0 
1 1 340 6985 0 
1 1 341 9148 0 
1 1 342 10276 0 
1 1 343 10213 0 
1 1 344 8940 0 
1 1 345 6581 0 
1 1 346 3391 0 
1 1 347 -271 0 
1 1 348 -3983 0 
1 1 349 -7306 0 
1 1 350 -9838 0 
1 1 351 -11263 0 
1 1 352 -11387 0 
1 1 353 -10167 0 
1 1 354 -7716 0 
1 1 355 -4298 0 
1 1 356 -295 0 
1 1 357 3833 0 
1 1 358 7599 0 
1 1 359 10550 0 
1 1 360 12319 0 
1 1 361 12670 0 
1 1 362 11530 0 
1 1 363 8999 0 
1 1 364 5347 0 
1 1 365 979 0 
1 1 366 -3603 0 
1 1 367 -7862 0 
1 1 368 -11287 0 
1 1 369 -13454 0 
1 1 370 -14079 0 
1 1 371 -13051 0 
1 1 372 -10456 0 
1 1 373 -6564 0 
1 1 374 -1806 0 
1 1 375 3274 0 
1 1 376 8084 0 
1 1 377 12047 0 
1 1 378 14675 0 
1 1 379 15627 0 
1 1 380 14752 0 
1 1 381 12110 0 
1 1 382 7973 0 
1 1 383 2795 0 
1 1 384 -2834 0 
1 1 385 -8259 0 
1 1 386 -12835 0 
1 1 387 -15999 0 
1 1 388 -17343 0 
1 1 389 -16666 0 
1 1 390 -14000 0 
1 1 391 -9613 0 
1 1 392 -3982 0 
1 1 393 2255 0 
1 1 394 8375 0 
1 1 395 13651 0 
1 1 396 17439 0 
1 1 397 19253 0 
1 1 398 18832 0 
1 1 399 16169 0 
1 1 400 11526 0 
1 1 401 5403 0 
1 1 402 -1513 0 
1 1 403 -8421 0 
1 1 404 -14506 0 
1 1 405 -19025 0 
1 1 406 -21404 0 
1 1 407 -21307 0 
1 1 408 -18683 0 
1 1 409 -13778 0 
1 1 410 -7114 0 
1 1 411 566 0 
1 1 412 8379 0 
1 1 413 15404 0 
1 1 414 20788 0 
1 1 415 23850 0 
1 1 416 24166 0 
1 1 417 21625 0 
1 1 418 16451 0 
1 1 419 9185 0 
1 1 420 632 0 
1 1 421 -8232 0 
1 1 422 -16365 0 
1 1 423 -22784 0 
1 1 424 -26679 0 
1 1 425 -27520 0 
1 1 426 -25119 0 
1 1 427 -19668 0 
1 1 428 -11724 0 
1 1 429 -2157 0 
1 1 430 7947 0 
1 1 431 17408 0 
1 1 432 25084 0 
1 1 433 30013 0 
1 1 434 31528 0 
1 1 435 29343 0 
1 1 436 23604 0 
1 1 437 14881 0 
1 1 438 4113 0 
1 1 439 -7488 0 
1 1 440 -18573 0 
1 1 441 -27811 0 
1 1 442 -34046 0 
1 1 443 -36440 0 
1 1 444 -34578 0 
1 1 445 -28540 0 
1 1 446 -18896 0 
1 1 447 -6666 0 
1 1 448 6789 0 
1 1 449 19916 0 
1 1 450 31148 0 
1 1 451 39080 0 
1 1 452 42650 0 
1 1 453 41271 0 
1 1 454 34918 0 
1 1 455 24154 0 
1 1 456 10084 0 
1 1 457 -5752 0 
1 1 458 -21545 0 
1 1 459 -35417 0 
1 1 460 -45641 0 
1 1 461 -50847 0 
1 1 462 -50202 0 
1 1 463 -43525 0 
1 1 464 -31341 0 
1 1 465 -14848 0 
1 1 466 4194 0 
1 1 467 23641 0 
1 1 468 41201 0 
1 1 469 54693 0 
1 1 470 62309 0 
1 1 471 62840 0 
1 1 472 55853 0 
1 1 473 41775 0 
1 1 474 21889 0 
1 1 475 -1765 0 
1 1 476 -26592 0 
1 1 477 -49706 0 
1 1 478 -68254 0 
1 1 479 -79742 0 
1 1 480 -82348 0 
1 1 481 -75170 0 
1 1 482 -58392 0 
1 1 483 -33329 0 
1 1 484 -2355 0 
1 1 485 31295 0 
1 1 486 63832 0 
1 1 487 91297 0 
1 1 488 109998 0 
1 1 489 116938 0 
1 1 490 110206 0 
1 1 491 89278 0 
1 1 492 55189 0 
1 1 493 10563 0 
1 1 494 -40523 0 
1 1 495 -92827 0 
1 1 496 -140370 0 
1 1 497 -176955 0 
1 1 498 -196750 0 
1 1 499 -194859 0 
1 1 500 -167849 0 
1 1 501 -114159 0 
1 1 502 -34360 0 
1 1 503 68762 0 
1 1 504 190327 0 
1 1 505 323667 0 
1 1 506 460800 0 
1 1 507 593041 0 
1 1 508 711684 0 
1 1 509 808704 0 
1 1 510 877414 0 
1 1 511 913019 0 
1 1 512 913019 0 
1 1 513 877414 0 
1 1 514 808704 0 
1 1 515 711684 0 
1 1 516 593041 0 
1 1 517 460800 0 
1 1 518 323667 0 
1 1 519 190327 0 
1 1 520 68762 0 
1 1 521 -34360 0 
1 1 522 -114159 0 
1 1 523 -167849 0 
1 1 524 -194859 0 
1 1 525 -196750 0 
1 1 526 -176955 0 
1 1 527 -140370 0 
1 1 528 -92827 0 
1 1 529 -40523 0 
1 1 530 10563 0 
1 1 531 55189 0 
1 1 532 89278 0 
1 1 533 110206 0 
1 1 534 116938 0 
1 1 535 109998 0 
1 1 536 91297 0 
1 1 537 63832 0 
1 1 538 31295 0 
1 1 539 -2355 0 
1 1 540 -33329 0 
1 1 541 -58392 0 
1 1 542 -75170 0 
1 1 543 -82348 0 
1 1 544 -79742 0 
1 1 545 -68254 0 
1 1 546 -49706 0 
1 1 547 -26592 0 
1 1 548 -1765 0 
1 1 549 21889 0 
1 1 550 41775 0 
1 1 551 55853 0 
1 1 552 62840 0 
1 1 553 62309 0 
1 1 554 54693 0 
1 1 555 41201 0 
1 1 556 23641 0 
1 1 557 4194 0 
1 1 558 -14848 0 
1 1 559 -31341 0 
1 1 560 -43525 0 
1 1 561 -50202 0 
1 1 562 -50847 0 
1 1 563 -45641 0 
1 1 564 -35417 0 
1 1 565 -21545 0 
1 1 566 -5752 0 
1 1 567 10084 0 
1 1 568 24154 0 
1 1 569 34918 0 
1 1 570 41271 0 
1 1 571 42650 0 
1 1 572 39080 0 
1 1 573 31148 0 
1 1 574 19916 0 
1 1 575 6789 0 
1 1 576 -6666 0 
1 1 577 -18896 0 
1 1 578 -28540 0 
1 1 579 -34578 0 
1 1 580 -36440 0 
1 1 581 -34046 0 
1 1 582 -27811 0 
1 1 583 -18573 0 
1 1 584 -7488 0 
1 1 585 4113 0 
1 1 586 14881 0 
1 1 587 23604 0 
1 1 588 29343 0 
1 1 589 31528 0 
1 1 590 30013 0 
1 1 591 25084 0 
1 1 592 17408 0 
1 1 593 7947 0 
1 1 594 -2157 0 
1 1 595 -11724 0 
1 1 596 -19668 0 
1 1 597 -25119 0 
1 1 598 -27520 0 
1 1 599 -26679 0 
1 1 600 -22784 0 
1 1 601 -16365 0 
1 1 602 -8232 0 
1 1 603 632 0 
1 1 604 9185 0 
1 1 605 16451 0 
1 1 606 21625 0 
1 1 607 24166 0 
1 1 608 23850 0 
1 1 609 20788 0 
1 1 610 15404 0 
1 1 611 8379 0 
1 1 612 566 0 
1 1 613 -7114 0 
1 1 614 -13778 0 
1 1 615 -18683 0 
1 1 616 -21307 0 
1 1 617 -21404 0 
1 1 618 -19025 0 
1 1 619 -14506 0 
1 1 620 -8421 0 
1 1 621 -1513 0 
1 1 622 5403 0 
1 1 623 11526 0 
1 1 624 16169 0 
1 1 625 18832 0 
1 1 626 19253 0 
1 1 627 17439 0 
1 1 628 13651 0 
1 1 629 8375 0 
1 1 630 2255 0 
1 1 631 -3982 0 
1 1 632 -9613 0 
1 1 633 -14000 0 
1 1 634 -16666 0 
1 1 635 -17343 0 
1 1 636 -15999 0 
1 1 637 -12835 0 
1 1 638 -8259 0 
1 1 639 -2834 0 
1 1 640 2795 0 
1 1 641 7973 0 
1 1 642 12110 0 
1 1 643 14752 0 
1 1 644 15627 0 
1 1 645 14675 0 
1 1 646 12047 0 
1 1 647 8084 0 
1 1 648 3274 0 
1 1 649 -1806 0 
1 1 650 -6564 0 
1 1 651 -10456 0 
1 1 652 -13051 0 
1 1 653 -14079 0 
1 1 654 -13454 0 
1 1 655 -11287 0 
1 1 656 -7862 0 
1 1 657 -3603 0 
1 1 658 979 0 
1 1 659 5347 0 
1 1 660 8999 0 
1 1 661 11530 0 
1 1 662 12670 0 
1 1 663 12319 0 
1 1 664 10550 0 
1 1 665 7599 0 
1 1 666 3833 0 
1 1 667 -295 0 
1 1 668 -4298 0 
1 1 669 -7716 0 
1 1 670 -10167 0 
1 1 671 -11387 0 
1 1 672 -11263 0 
1 1 673 -9838 0 
1 1 674 -7306 0 
1 1 675 -3983 0 
1 1 676 -271 0 
1 1 677 3391 0 
1 1 678 6581 0 
1 1 679 8940 0 
1 1 680 10213 0 
1 1 681 10276 0 
1 1 682 9148 0 
1 1 683 6985 0 
1 1 684 4061 0 
1 1 685 730 0 
1 1 686 -2613 0 
1 1 687 -5581 0 
1 1 688 -7839 0 
1 1 689 -9140 0 
1 1 690 -9355 0 
1 1 691 -8483 0 
1 1 692 -6648 0 
1 1 693 -4083 0 
1 1 694 -1101 0 
1 1 695 1943 0 
1 1 696 4696 0 
1 1 697 6846 0 
1 1 698 8156 0 
1 1 699 8493 0 
1 1 700 7840 0 
1 1 701 6294 0 
1 1 702 4053 0 
1 1 703 1391 0 
1 1 704 -1374 0 
1 1 705 -3919 0 
1 1 706 -5955 0 
1 1 707 -7257 0 
1 1 708 -7690 0 
1 1 709 -7224 0 
1 1 710 -5933 0 
1 1 711 -3982 0 
1 1 712 -1614 0 
1 1 713 889 0 
1 1 714 3234 0 
1 1 715 5152 0 
1 1 716 6432 0 
1 1 717 6940 0 
1 1 718 6632 0 
1 1 719 5564 0 
1 1 720 3875 0 
1 1 721 1776 0 
1 1 722 -483 0 
1 1 723 -2636 0 
1 1 724 -4436 0 
1 1 725 -5682 0 
1 1 726 -6243 0 
1 1 727 -6069 0 
1 1 728 -5196 0 
1 1 729 -3742 0 
1 1 730 -1887 0 
1 1 731 144 0 
1 1 732 2113 0 
1 1 733 3793 0 
1 1 734 4996 0 
1 1 735 5594 0 
1 1 736 5530 0 
1 1 737 4829 0 
1 1 738 3584 0 
1 1 739 1952 0 
1 1 740 132 0 
1 1 741 -1662 0 
1 1 742 -3223 0 
1 1 743 -4375 0 
1 1 744 -4994 0 
1 1 745 -5022 0 
1 1 746 -4468 0 
1 1 747 -3410 0 
1 1 748 -1981 0 
1 1 749 -357 0 
1 1 750 1271 0 
1 1 751 2715 0 
1 1 752 3810 0 
1 1 753 4439 0 
1 1 754 4540 0 
1 1 755 4113 0 
1 1 756 3220 0 
1 1 757 1976 0 
1 1 758 532 0 
1 1 759 -940 0 
1 1 760 -2268 0 
1 1 761 -3302 0 
1 1 762 -3930 0 
1 1 763 -4089 0 
1 1 764 -3771 0 
1 1 765 -3024 0 
1 1 766 -1945 0 
1 1 767 -668 0 
1 1 768 657 0 
1 1 769 1873 0 
1 1 770 2844 0 
1 1 771 3462 0 
1 1 772 3664 0 
1 1 773 3438 0 
1 1 774 2820 0 
1 1 775 1890 0 
1 1 776 765 0 
1 1 777 -422 0 
1 1 778 -1530 0 
1 1 779 -2435 0 
1 1 780 -3036 0 
1 1 781 -3271 0 
1 1 782 -3122 0 
1 1 783 -2616 0 
1 1 784 -1820 0 
1 1 785 -833 0 
1 1 786 225 0 
1 1 787 1231 0 
1 1 788 2069 0 
1 1 789 2647 0 
1 1 790 2904 0 
1 1 791 2819 0 
1 1 792 2410 0 
1 1 793 1732 0 
1 1 794 872 0 
1 1 795 -67 0 
1 1 796 -975 0 
1 1 797 -1746 0 
1 1 798 -2296 0 
1 1 799 -2567 0 
1 1 800 -2534 0 
1 1 801 -2208 0 
1 1 802 -1637 0 
1 1 803 -890 0 
1 1 804 -61 0 
1 1 805 754 0 
1 1 806 1460 0 
1 1 807 1979 0 
1 1 808 2255 0 
1 1 809 2264 0 
1 1 810 2010 0 
1 1 811 1531 0 
1 1 812 888 0 
1 1 813 159 0 
1 1 814 -569 0 
1 1 815 -1211 0 
1 1 816 -1696 0 
1 1 817 -1973 0 
1 1 818 -2013 0 
1 1 819 -1821 0 
1 1 820 -1423 0 
1 1 821 -871 0 
1 1 822 -235 0 
1 1 823 412 0 
1 1 824 993 0 
1 1 825 1443 0 
1 1 826 1714 0 
1 1 827 1779 0 
1 1 828 1637 0 
1 1 829 1310 0 
1 1 830 841 0 
1 1 831 287 0 
1 1 832 -284 0 
1 1 833 -806 0 
1 1 834 -1220 0 
1 1 835 -1481 0 
1 1 836 -1565 0 
1 1 837 -1465 0 
1 1 838 -1199 0 
1 1 839 -802 0 
1 1 840 -324 0 
1 1 841 177 0 
1 1 842 643 0 
1 1 843 1022 0 
1 1 844 1271 0 
1 1 845 1366 0 
1 1 846 1301 0 
1 1 847 1087 0 
1 1 848 754 0 
1 1 849 344 0 
1 1 850 -94 0 
1 1 851 -507 0 
1 1 852 -850 0 
1 1 853 -1085 0 
1 1 854 -1187 0 
1 1 855 -1149 0 
1 1 856 -980 0 
1 1 857 -703 0 
1 1 858 -353 0 
1 1 859 26 0 
1 1 860 391 0 
1 1 861 699 0 
1 1 862 917 0 
1 1 863 1023 0 
1 1 864 1007 0 
1 1 865 875 0 
1 1 866 646 0 
1 1 867 350 0 
1 1 868 23 0 
1 1 869 -296 0 
1 1 870 -571 0 
1 1 871 -772 0 
1 1 872 -877 0 
1 1 873 -877 0 
1 1 874 -777 0 
1 1 875 -590 0 
1 1 876 -341 0 
1 1 877 -61 0 
1 1 878 216 0 
1 1 879 460 0 
1 1 880 642 0 
1 1 881 745 0 
1 1 882 758 0 
1 1 883 683 0 
1 1 884 532 0 
1 1 885 324 0 
1 1 886 86 0 
1 1 887 -153 0 
1 1 888 -367 0 
1 1 889 -532 0 
1 1 890 -629 0 
1 1 891 -651 0 
1 1 892 -597 0 
1 1 893 -476 0 
1 1 894 -305 0 
1 1 895 -104 0 
1 1 896 101 0 
1 1 897 288 0 
1 1 898 434 0 
1 1 899 526 0 
1 1 900 553 0 
1 1 901 516 0 
1 1 902 420 0 
1 1 903 280 0 
1 1 904 112 0 
1 1 905 -62 0 
1 1 906 -223 0 
1 1 907 -353 0 
1 1 908 -437 0 
1 1 909 -468 0 
1 1 910 -443 0 
1 1 911 -369 0 
1 1 912 -255 0 
1 1 913 -116 0 
1 1 914 31 0 
1 1 915 169 0 
1 1 916 282 0 
1 1 917 358 0 
1 1 918 390 0 
1 1 919 376 0 
1 1 920 319 0 
1 1 921 228 0 
1 1 922 113 0 
1 1 923 -9 0 
1 1 924 -126 0 
1 1 925 -224 0 
1 1 926 -292 0 
1 1 927 -324 0 
1 1 928 -317 0 
1 1 929 -275 0 
1 1 930 -202 0 
1 1 931 -109 0 
1 1 932 -8 0 
1 1 933 90 0 
1 1 934 174 0 
1 1 935 234 0 
1 1 936 265 0 
1 1 937 263 0 
1 1 938 232 0 
1 1 939 175 0 
1 1 940 100 0 
1 1 941 17 0 
1 1 942 -64 0 
1 1 943 -135 0 
1 1 944 -187 0 
1 1 945 -215 0 
1 1 946 -218 0 
1 1 947 -195 0 
1 1 948 -151 0 
1 1 949 -92 0 
1 1 950 -25 0 
1 1 951 42 0 
1 1 952 101 0 
1 1 953 146 0 
1 1 954 171 0 
1 1 955 176 0 
1 1 956 161 0 
1 1 957 127 0 
1 1 958 81 0 
1 1 959 27 0 
1 1 960 -27 0 
1 1 961 -76 0 
1 1 962 -113 0 
1 1 963 -136 0 
1 1 964 -142 0 
1 1 965 -132 0 
1 1 966 -107 0 
1 1 967 -71 0 
1 1 968 -29 0 
1 1 969 15 0 
1 1 970 54 0 
1 1 971 85 0 
1 1 972 105 0 
1 1 973 111 0 
1 1 974 105 0 
1 1 975 86 0 
1 1 976 59 0 
1 1 977 26 0 
1 1 978 -8 0 
1 1 979 -39 0 
1 1 980 -64 0 
1 1 981 -81 0 
1 1 982 -87 0 
1 1 983 -83 0 
1 1 984 -70 0 
1 1 985 -50 0 
1 1 986 -25 0 
1 1 987 1 0 
1 1 988 26 0 
1 1 989 46 0 
1 1 990 60 0 
1 1 991 66 0 
1 1 992 64 0 
1 1 993 54 0 
1 1 994 39 0 
1 1 995 21 0 
1 1 996 1 0 
1 1 997 -18 0 
1 1 998 -34 0 
1 1 999 -44 0 
1 1 1000 -50 0 
1 1 1001 -49 0 
1 1 1002 -42 0 
1 1 1003 -32 0 
1 1 1004 -18 0 
1 1 1005 -4 0 
1 1 1006 10 0 
1 1 1007 22 0 
1 1 1008 30 0 
1 1 1009 35 0 
1 1 1010 34 0 
1 1 1011 30 0 
1 1 1012 23 0 
1 1 1013 13 0 
1 1 1014 2 0 
1 1 1015 -9 0 
1 1 1016 -19 0 
1 1 1017 -28 0 
1 1 1018 -35 0 
1 1 1019 -41 0 
1 1 1020 -47 0 
1 1 1021 -58 0 
1 1 1022 -76 0 
1 1 1023 91 0 
1 1 32 1 0 
1 0 0 0 -5718432 
1 0 0 0 -3048255 
1 0 0 0 -378078 
1 0 0 0 2292099 
1 0 0 0 4962276 
1 0 0 0 7632453 
1 0 0 0 -6474586 
1 0 0 0 -3804410 
1 0 0 0 -1134233 
1 0 0 0 1535944 
1 0 0 0 4206121 
1 0 0 0 6876298 
1 0 0 0 -7230741 
1 0 0 0 -4560564 
1 0 0 0 -1890388 
1 0 0 0 779789 
1 0 0 0 3449966 
1 0 0 0 6120143 
1 0 0 0 -7986896 
1 0 0 0 -5316719 
1 0 0 0 -2646542 
1 0 0 0 23634 
1 0 0 0 2693811 
1 0 0 0 5363988 
1 0 0 0 8034165 
1 0 0 0 -6072874 
1 0 0 0 -3402697 
1 0 0 0 -732520 
1 0 0 0 1937656 
1 0 0 0 4607833 
1 0 0 0 7278010 
1 0 0 0 -6829029 
1 0 0 0 -4158852 
1 0 0 0 -1488675 
1 0 0 0 1181502 
1 0 0 0 3851678 
1 0 0 0 6521855 
1 0 0 0 -7585184 
1 0 0 0 -4915007 
1 0 0 0 -2244830 
1 0 0 0 425347 
1 0 0 0 3095524 
1 0 0 0 5765700 
1 0 0 0 -8341339 
1 0 0 0 -5671162 
1 0 0 0 -3000985 
1 0 0 0 -330808 
1 0 0 0 2339369 
1 0 0 0 5009546 
1 0 0 0 7679722 
1 0 0 0 -6427317 
1 0 0 0 -3757140 
1 0 0 0 -1086963 
1 0 0 0 1583214 
1 0 0 0 4253391 
1 0 0 0 6923568 
1 0 0 0 -7183472 
1 0 0 0 -4513295 
1 0 0 0 -1843118 
1 0 0 0 827059 
1 0 0 0 3497236 
1 0 0 0 6167413 
1 0 0 0 -7939626 
1 0 0 0 -5269450 
1 0 0 0 -2599273 
1 0 0 0 70904 
1 0 0 0 2741081 
1 0 0 0 5411258 
1 0 0 0 8081435 
1 0 0 0 -6025604 
1 0 0 0 -3355428 
1 0 0 0 -685251 
1 0 0 0 1984926 
1 0 0 0 4655103 
1 0 0 0 7325280 
1 0 0 0 -6781759 
1 0 0 0 -4111582 
1 0 0 0 -1441406 
1 0 0 0 1228771 
1 0 0 0 3898948 
1 0 0 0 6569125 
1 0 0 0 -7537914 
1 0 0 0 -4867737 
1 0 0 0 -2197560 
1 0 0 0 472616 
1 0 0 0 3142793 
1 0 0 0 5812970 
1 0 0 0 -8294069 
1 0 0 0 -5623892 
1 0 0 0 -2953715 
1 0 0 0 -283538 
1 0 0 0 2386638 
1 0 0 0 5056815 
1 0 0 0 7726992 
1 0 0 0 -6380047 
1 0 0 0 -3709870 
1 0 0 0 -1039693 
1 0 0 0 1630484 
1 0 0 0 4300660 
1 0 0 0 6970837 
1 0 0 0 -7136202 
1 0 0 0 -4466025 
1 0 0 0 -1795848 
1 0 0 0 874329 
1 0 0 0 3544506 
1 0 0 0 6214682 
1 0 0 0 -7892357 
1 0 0 0 -5222180 
1 0 0 0 -2552003 
1 0 0 0 118174 
1 0 0 0 2788351 
1 0 0 0 5458528 
1 0 0 0 8128704 
1 0 0 0 -5978335 
1 0 0 0 -3308158 
1 0 0 0 -637981 
1 0 0 0 2032196 
1 0 0 0 4702373 
1 0 0 0 7372550 
1 0 0 0 -6734490 
1 0 0 0 -4064313 
1 0 0 0 -1394136 
1 0 0 0 1276041 
1 0 0 0 3946218 
1 0 0 0 6616395 
1 0 0 0 -7490644 
1 0 0 0 -4820468 
1 0 0 0 -2150291 
1 0 0 0 519886 
1 0 0 0 3190063 
1 0 0 0 5860240 
1 0 0 0 -8246799 
1 0 0 0 -5576622 
1 0 0 0 -2906446 
1 0 0 0 -236269 
1 0 0 0 2433908 
1 0 0 0 5104085 
1 0 0 0 7774262 
1 0 0 0 -6332777 
1 0 0 0 -3662600 
1 0 0 0 -992424 
1 0 0 0 1677753 
1 0 0 0 4347930 
1 0 0 0 7018107 
1 0 0 0 -7088932 
1 0 0 0 -4418755 
1 0 0 0 -1748578 
1 0 0 0 921598 
1 0 0 0 3591775 
1 0 0 0 6261952 
1 0 0 0 -7845087 
1 0 0 0 -5174910 
1 0 0 0 -2504733 
1 0 0 0 165444 
1 0 0 0 2835620 
1 0 0 0 5505797 
1 0 0 0 8175974 
1 0 0 0 -5931065 
1 0 0 0 -3260888 
1 0 0 0 -590711 
1 0 0 0 2079466 
1 0 0 0 4749642 
1 0 0 0 7419819 
1 0 0 0 -6687220 
1 0 0 0 -4017043 
1 0 0 0 -1346866 
1 0 0 0 1323311 
1 0 0 0 3993488 
1 0 0 0 6663664 
1 0 0 0 -7443375 
1 0 0 0 -4773198 
1 0 0 0 -2103021 
1 0 0 0 567156 
1 0 0 0 3237333 
1 0 0 0 5907510 
1 0 0 0 -8199530 
1 0 0 0 -5529353 
1 0 0 0 -2859176 
1 0 0 0 -188999 
1 0 0 0 2481178 
1 0 0 0 5151355 
1 0 0 0 7821532 
1 0 0 0 -6285508 
1 0 0 0 -3615331 
1 0 0 0 -945154 
1 0 0 0 1725023 
1 0 0 0 4395200 
1 0 0 0 7065377 
1 0 0 0 -7041662 
1 0 0 0 -4371486 
1 0 0 0 -1701309 
1 0 0 0 968868 
1 0 0 0 3639045 
1 0 0 0 6309222 
1 0 0 0 -7797817 
1 0 0 0 -5127640 
1 0 0 0 -2457464 
1 0 0 0 212713 
1 0 0 0 2882890 
1 0 0 0 5553067 
1 0 0 0 8223244 
1 0 0 0 -5883795 
1 0 0 0 -3213618 
1 0 0 0 -543442 
1 0 0 0 2126735 
1 0 0 0 4796912 
1 0 0 0 7467089 
1 0 0 0 -6639950 
1 0 0 0 -3969773 
1 0 0 0 -1299596 
1 0 0 0 1370580 
1 0 0 0 4040757 
1 0 0 0 6710934 
1 0 0 0 -7396105 
1 0 0 0 -4725928 
1 0 0 0 -2055751 
1 0 0 0 614426 
1 0 0 0 3284602 
1 0 0 0 5954779 
1 0 0 0 -8152260 
1 0 0 0 -5482083 
1 0 0 0 -2811906 
1 0 0 0 -141729 
1 0 0 0 2528448 
1 0 0 0 5198624 
1 0 0 0 7868801 
1 0 0 0 -6238238 
1 0 0 0 -3568061 
1 0 0 0 -897884 
1 0 0 0 1772293 
1 0 0 0 4442470 
1 0 0 0 7112646 
1 0 0 0 -6994393 
1 0 0 0 -4324216 
1 0 0 0 -1654039 
1 0 0 0 1016138 
1 0 0 0 3686315 
1 0 0 0 6356492 
1 0 0 0 -7750548 
1 0 0 0 -5080371 
1 0 0 0 -2410194 
1 0 0 0 259983 
1 0 0 0 2930160 
1 0 0 0 5600337 
1 0 0 0 8270514 
1 0 0 0 -5836526 
1 0 0 0 -3166349 
1 0 0 0 -496172 
1 0 0 0 2174005 
1 0 0 0 4844182 
1 0 0 0 7514359 
1 0 0 0 -6592680 
1 0 0 0 -3922503 
1 0 0 0 -1252327 
1 0 0 0 1417850 
1 0 0 0 4088027 
1 0 0 0 6758204 
1 0 0 0 -7348835 
1 0 0 0 -4678658 
1 0 0 0 -2008481 
1 0 0 0 661695 
1 0 0 0 3331872 
1 0 0 0 6002049 
1 0 0 0 -8104990 
1 0 0 0 -5434813 
1 0 0 0 -2764636 
1 0 0 0 -94459 
1 0 0 0 2575717 
1 0 0 0 5245894 
1 0 0 0 7916071 
1 0 0 0 -6190968 
1 0 0 0 -3520791 
1 0 0 0 -850614 
1 0 0 0 1819563 
1 0 0 0 4489739 
1 0 0 0 7159916 
1 0 0 0 -6947123 
1 0 0 0 -4276946 
1 0 0 0 -1606769 
1 0 0 0 1063408 
1 0 0 0 3733585 
1 0 0 0 6403761 
1 0 0 0 -7703278 
1 0 0 0 -5033101 
1 0 0 0 -2362924 
1 0 0 0 307253 
1 0 0 0 2977430 
1 0 0 0 5647607 
1 0 0 0 8317783 
1 0 0 0 -5789256 
1 0 0 0 -3119079 
1 0 0 0 -448902 
1 0 0 0 2221275 
1 0 0 0 4891452 
1 0 0 0 7561629 
1 0 0 0 -6545411 
1 0 0 0 -3875234 
1 0 0 0 -1205057 
1 0 0 0 1465120 
1 0 0 0 4135297 
1 0 0 0 6805474 
1 0 0 0 -7301565 
1 0 0 0 -4631389 
1 0 0 0 -1961212 
1 0 0 0 708965 
1 0 0 0 3379142 
1 0 0 0 6049319 
1 0 0 0 -8057720 
1 0 0 0 -5387543 
1 0 0 0 -2717367 
1 0 0 0 -47190 
1 0 0 0 2622987 
1 0 0 0 5293164 
1 0 0 0 7963341 
1 0 0 0 -6143698 
1 0 0 0 -3473521 
1 0 0 0 -803345 
1 0 0 0 1866832 
1 0 0 0 4537009 
1 0 0 0 7207186 
1 0 0 0 -6899853 
1 0 0 0 -4229676 
1 0 0 0 -1559499 
1 0 0 0 1110677 
1 0 0 0 3780854 
1 0 0 0 6451031 
1 0 0 0 -7656008 
1 0 0 0 -4985831 
1 0 0 0 -2315654 
1 0 0 0 354523 
1 0 0 0 3024699 
1 0 0 0 5694876 
1 0 0 0 8365053 
1 0 0 0 -5741986 
1 0 0 0 -3071809 
1 0 0 0 -401632 
1 0 0 0 2268545 
1 0 0 0 4938721 
1 0 0 0 7608898 
1 0 0 0 -6498141 
1 0 0 0 -3827964 
1 0 0 0 -1157787 
1 0 0 0 1512390 
1 0 0 0 4182567 
1 0 0 0 6852743 
1 0 0 0 -7254296 
1 0 0 0 -4584119 
1 0 0 0 -1913942 
1 0 0 0 756235 
1 0 0 0 3426412 
1 0 0 0 6096589 
1 0 0 0 -8010451 
1 0 0 0 -5340274 
1 0 0 0 -2670097 
1 0 0 0 80 
1 0 0 0 2670257 
1 0 0 0 5340434 
1 0 0 0 8010611 
1 0 0 0 -6096429 
1 0 0 0 -3426252 
1 0 0 0 -756075 
1 0 0 0 1914102 
1 0 0 0 4584279 
1 0 0 0 7254456 
1 0 0 0 -6852583 
1 0 0 0 -4182407 
1 0 0 0 -1512230 
1 0 0 0 1157947 
1 0 0 0 3828124 
1 0 0 0 6498301 
1 0 0 0 -7608738 
1 0 0 0 -4938561 
1 0 0 0 -2268385 
1 0 0 0 401792 
1 0 0 0 3071969 
1 0 0 0 5742146 
1 0 0 0 -8364893 
1 0 0 0 -5694716 
1 0 0 0 -3024539 
1 0 0 0 -354363 
1 0 0 0 2315814 
1 0 0 0 4985991 
1 0 0 0 7656168 
1 0 0 0 -6450871 
1 0 0 0 -3780694 
1 0 0 0 -1110517 
1 0 0 0 1559659 
1 0 0 0 4229836 
1 0 0 0 6900013 
1 0 0 0 -7207026 
1 0 0 0 -4536849 
1 0 0 0 -1866672 
1 0 0 0 803505 
1 0 0 0 3473681 
1 0 0 0 6143858 
1 0 0 0 -7963181 
1 0 0 0 -5293004 
1 0 0 0 -2622827 
1 0 0 0 47350 
1 0 0 0 2717527 
1 0 0 0 5387703 
1 0 0 0 8057880 
1 0 0 0 -6049159 
1 0 0 0 -3378982 
1 0 0 0 -708805 
1 0 0 0 1961372 
1 0 0 0 4631549 
1 0 0 0 7301725 
1 0 0 0 -6805314 
1 0 0 0 -4135137 
1 0 0 0 -1464960 
1 0 0 0 1205217 
1 0 0 0 3875394 
1 0 0 0 6545571 
1 0 0 0 -7561469 
1 0 0 0 -4891292 
1 0 0 0 -2221115 
1 0 0 0 449062 
1 0 0 0 3119239 
1 0 0 0 5789416 
1 0 0 0 -8317623 
1 0 0 0 -5647447 
1 0 0 0 -2977270 
1 0 0 0 -307093 
1 0 0 0 2363084 
1 0 0 0 5033261 
1 0 0 0 7703438 
1 0 0 0 -6403601 
1 0 0 0 -3733425 
1 0 0 0 -1063248 
1 0 0 0 1606929 
1 0 0 0 4277106 
1 0 0 0 6947283 
1 0 0 0 -7159756 
1 0 0 0 -4489579 
1 0 0 0 -1819403 
1 0 0 0 850774 
1 0 0 0 3520951 
1 0 0 0 6191128 
1 0 0 0 -7915911 
1 0 0 0 -5245734 
1 0 0 0 -2575557 
1 0 0 0 94619 
1 0 0 0 2764796 
1 0 0 0 5434973 
1 0 0 0 8105150 
1 0 0 0 -6001889 
1 0 0 0 -3331712 
1 0 0 0 -661535 
1 0 0 0 2008641 
1 0 0 0 4678818 
1 0 0 0 7348995 
1 0 0 0 -6758044 
1 0 0 0 -4087867 
1 0 0 0 -1417690 
1 0 0 0 1252487 
1 0 0 0 3922663 
1 0 0 0 6592840 
1 0 0 0 -7514199 
1 0 0 0 -4844022 
1 0 0 0 -2173845 
1 0 0 0 496332 
1 0 0 0 3166509 
1 0 0 0 5836685 
1 0 0 0 -8270354 
1 0 0 0 -5600177 
1 0 0 0 -2930000 
1 0 0 0 -259823 
1 0 0 0 2410354 
1 0 0 0 5080531 
1 0 0 0 7750707 
1 0 0 0 -6356332 
1 0 0 0 -3686155 
1 0 0 0 -1015978 
1 0 0 0 1654199 
1 0 0 0 4324376 
1 0 0 0 6994553 
1 0 0 0 -7112487 
1 0 0 0 -4442310 
1 0 0 0 -1772133 
1 0 0 0 898044 
1 0 0 0 3568221 
1 0 0 0 6238398 
1 0 0 0 -7868641 
1 0 0 0 -5198465 
1 0 0 0 -2528288 
1 0 0 0 141889 
1 0 0 0 2812066 
1 0 0 0 5482243 
1 0 0 0 8152420 
1 0 0 0 -5954619 
1 0 0 0 -3284443 
1 0 0 0 -614266 
1 0 0 0 2055911 
1 0 0 0 4726088 
1 0 0 0 7396265 
1 0 0 0 -6710774 
1 0 0 0 -4040597 
1 0 0 0 -1370420 
1 0 0 0 1299756 
1 0 0 0 3969933 
1 0 0 0 6640110 
1 0 0 0 -7466929 
1 0 0 0 -4796752 
1 0 0 0 -2126575 
1 0 0 0 543602 
1 0 0 0 3213778 
1 0 0 0 5883955 
1 0 0 0 -8223084 
1 0 0 0 -5552907 
1 0 0 0 -2882730 
1 0 0 0 -212553 
1 0 0 0 2457624 
1 0 0 0 5127800 
1 0 0 0 7797977 
1 0 0 0 -6309062 
1 0 0 0 -3638885 
1 0 0 0 -968708 
1 0 0 0 1701469 
1 0 0 0 4371646 
1 0 0 0 7041822 
1 0 0 0 -7065217 
1 0 0 0 -4395040 
1 0 0 0 -1724863 
1 0 0 0 945314 
1 0 0 0 3615491 
1 0 0 0 6285668 
1 0 0 0 -7821372 
1 0 0 0 -5151195 
1 0 0 0 -2481018 
1 0 0 0 189159 
1 0 0 0 2859336 
1 0 0 0 5529513 
1 0 0 0 8199690 
1 0 0 0 -5907350 
1 0 0 0 -3237173 
1 0 0 0 -566996 
1 0 0 0 2103181 
1 0 0 0 4773358 
1 0 0 0 7443535 
1 0 0 0 -6663504 
1 0 0 0 -3993328 
1 0 0 0 -1323151 
1 0 0 0 1347026 
1 0 0 0 4017203 
1 0 0 0 6687380 
1 0 0 0 -7419659 
1 0 0 0 -4749482 
1 0 0 0 -2079306 
1 0 0 0 590871 
1 0 0 0 3261048 
1 0 0 0 5931225 
1 0 0 0 -8175814 
1 0 0 0 -5505637 
1 0 0 0 -2835460 
1 0 0 0 -165284 
1 0 0 0 2504893 
1 0 0 0 5175070 
1 0 0 0 7845247 
1 0 0 0 -6261792 
1 0 0 0 -3591615 
1 0 0 0 -921438 
1 0 0 0 1748738 
1 0 0 0 4418915 
1 0 0 0 7089092 
1 0 0 0 -7017947 
1 0 0 0 -4347770 
1 0 0 0 -1677593 
1 0 0 0 992584 
1 0 0 0 3662760 
1 0 0 0 6332937 
1 0 0 0 -7774102 
1 0 0 0 -5103925 
1 0 0 0 -2433748 
1 0 0 0 236429 
1 0 0 0 2906606 
1 0 0 0 5576782 
1 0 0 0 8246959 
1 0 0 0 -5860080 
1 0 0 0 -3189903 
1 0 0 0 -519726 
1 0 0 0 2150451 
1 0 0 0 4820628 
1 0 0 0 7490804 
1 0 0 0 -6616235 
1 0 0 0 -3946058 
1 0 0 0 -1275881 
1 0 0 0 1394296 
1 0 0 0 4064473 
1 0 0 0 6734650 
1 0 0 0 -7372390 
1 0 0 0 -4702213 
1 0 0 0 -2032036 
1 0 0 0 638141 
1 0 0 0 3308318 
1 0 0 0 5978495 
1 0 0 0 -8128544 
1 0 0 0 -5458368 
1 0 0 0 -2788191 
1 0 0 0 -118014 
1 0 0 0 2552163 
1 0 0 0 5222340 
1 0 0 0 7892517 
1 0 0 0 -6214522 
1 0 0 0 -3544346 
1 0 0 0 -874169 
1 0 0 0 1796008 
1 0 0 0 4466185 
1 0 0 0 7136362 
1 0 0 0 -6970677 
1 0 0 0 -4300500 
1 0 0 0 -1630324 
1 0 0 0 1039853 
1 0 0 0 3710030 
1 0 0 0 6380207 
1 0 0 0 -7726832 
1 0 0 0 -5056655 
1 0 0 0 -2386478 
1 0 0 0 283698 
1 0 0 0 2953875 
1 0 0 0 5624052 
1 0 0 0 8294229 
1 0 0 0 -5812810 
1 0 0 0 -3142633 
1 0 0 0 -472456 
1 0 0 0 2197720 
1 0 0 0 4867897 
1 0 0 0 7538074 
1 0 0 0 -6568965 
1 0 0 0 -3898788 
1 0 0 0 -1228611 
1 0 0 0 1441566 
1 0 0 0 4111742 
1 0 0 0 6781919 
1 0 0 0 -7325120 
1 0 0 0 -4654943 
1 0 0 0 -1984766 
1 0 0 0 685411 
1 0 0 0 3355588 
1 0 0 0 6025764 
1 0 0 0 -8081275 
1 0 0 0 -5411098 
1 0 0 0 -2740921 
1 0 0 0 -70744 
1 0 0 0 2599433 
1 0 0 0 5269610 
1 0 0 0 7939786 
1 0 0 0 -6167253 
1 0 0 0 -3497076 
1 0 0 0 -826899 
1 0 0 0 1843278 
1 0 0 0 4513455 
1 0 0 0 7183632 
1 0 0 0 -6923408 
1 0 0 0 -4253231 
1 0 0 0 -1583054 
1 0 0 0 1087123 
1 0 0 0 3757300 
1 0 0 0 6427477 
1 0 0 0 -7679562 
1 0 0 0 -5009386 
1 0 0 0 -2339209 
1 0 0 0 330968 
1 0 0 0 3001145 
1 0 0 0 5671322 
1 0 0 0 8341499 
1 0 0 0 -5765540 
1 0 0 0 -3095364 
1 0 0 0 -425187 
1 0 0 0 2244990 
1 0 0 0 4915167 
1 0 0 0 7585344 
1 0 0 0 -6521695 
1 0 0 0 -3851518 
1 0 0 0 -1181342 
1 0 0 0 1488835 
1 0 0 0 4159012 
1 0 0 0 6829189 
1 0 0 0 -7277850 
1 0 0 0 -4607673 
1 0 0 0 -1937496 
1 0 0 0 732680 
1 0 0 0 3402857 
1 0 0 0 6073034 
1 0 0 0 -8034005 
1 0 0 0 -5363828 
1 0 0 0 -2693651 
1 0 0 0 -23474 
1 0 0 0 2646702 
1 0 0 0 5316879 
1 0 0 0 7987056 
1 0 0 0 -6119983 
1 0 0 0 -3449806 
1 0 0 0 -779629 
1 0 0 0 1890548 
1 0 0 0 4560724 
1 0 0 0 7230901 
1 0 0 0 -6876138 
1 0 0 0 -4205961 
1 0 0 0 -1535784 
1 0 0 0 1134393 
1 0 0 0 3804570 
1 0 0 0 6474746 
1 0 0 0 -7632293 
1 0 0 0 -4962116 
1 0 0 0 -2291939 
1 0 0 0 378238 
1 0 0 0 3048415 
1 0 0 0 5718592 
1 0 0 0 -8388448 
1 0 0 0 -5718271 
1 0 0 0 -3048094 
1 0 0 0 -377917 
1 0 0 0 2292260 
1 0 0 0 4962437 
1 0 0 0 7632614 
1 0 0 0 -6474426 
1 0 0 0 -3804249 
1 0 0 0 -1134072 
1 0 0 0 1536105 
1 0 0 0 4206282 
1 0 0 0 6876459 
1 0 0 0 -7230580 
1 0 0 0 -4560404 
1 0 0 0 -1890227 
1 0 0 0 779950 
1 0 0 0 3450127 
1 0 0 0 6120304 
1 0 0 0 -7986735 
1 0 0 0 -5316558 
1 0 0 0 -2646382 
1 0 0 0 23795 
1 0 0 0 2693972 
1 0 0 0 5364149 
1 0 0 0 8034326 
1 0 0 0 -6072713 
1 0 0 0 -3402536 
1 0 0 0 -732360 
1 0 0 0 1937817 
1 0 0 0 4607994 
1 0 0 0 7278171 
1 0 0 0 -6828868 
1 0 0 0 -4158691 
1 0 0 0 -1488514 
1 0 0 0 1181663 
1 0 0 0 3851839 
1 0 0 0 6522016 
1 0 0 0 -7585023 
1 0 0 0 -4914846 
1 0 0 0 -2244669 
1 0 0 0 425508 
1 0 0 0 3095685 
1 0 0 0 5765861 
1 0 0 0 -8341178 
1 0 0 0 -5671001 
1 0 0 0 -3000824 
1 0 0 0 -330647 
1 0 0 0 2339530 
1 0 0 0 5009707 
1 0 0 0 7679883 
1 0 0 0 -6427156 
1 0 0 0 -3756979 
1 0 0 0 -1086802 
1 0 0 0 1583375 
1 0 0 0 4253552 
1 0 0 0 6923729 
1 0 0 0 -7183311 
1 0 0 0 -4513134 
1 0 0 0 -1842957 
1 0 0 0 827220 
1 0 0 0 3497397 
1 0 0 0 6167574 
1 0 0 0 -7939465 
1 0 0 0 -5269289 
1 0 0 0 -2599112 
1 0 0 0 71065 
1 0 0 0 2741242 
1 0 0 0 5411419 
1 0 0 0 8081596 
1 0 0 0 -6025443 
1 0 0 0 -3355267 
1 0 0 0 -685090 
1 0 0 0 1985087 
1 0 0 0 4655264 
1 0 0 0 7325441 
1 0 0 0 -6781598 
1 0 0 0 -4111421 
1 0 0 0 -1441245 
1 0 0 0 1228932 
1 0 0 0 3899109 
1 0 0 0 6569286 
1 0 0 0 -7537753 
1 0 0 0 -4867576 
1 0 0 0 -2197399 
1 0 0 0 472777 
1 0 0 0 3142954 
1 0 0 0 5813131 
1 0 0 0 -8293908 
1 0 0 0 -5623731 
1 0 0 0 -2953554 
1 0 0 0 -283377 
1 0 0 0 2386799 
1 0 0 0 5056976 
1 0 0 0 7727153 
1 0 0 0 -6379886 
1 0 0 0 -3709709 
1 0 0 0 -1039532 
1 0 0 0 1630645 
1 0 0 0 4300821 
1 0 0 0 6970998 
1 0 0 0 -7136041 
1 0 0 0 -4465864 
1 0 0 0 -1795687 
1 0 0 0 874490 
1 0 0 0 3544667 
1 0 0 0 6214843 
1 0 0 0 -7892196 
1 0 0 0 -5222019 
1 0 0 0 -2551842 
1 0 0 0 118335 
1 0 0 0 2788512 
1 0 0 0 5458689 
1 0 0 0 8128865 
1 0 0 0 -5978174 
1 0 0 0 -3307997 
1 0 0 0 -637820 
1 0 0 0 2032357 
1 0 0 0 4702534 
1 0 0 0 7372711 
1 0 0 0 -6734329 
1 0 0 0 -4064152 
1 0 0 0 -1393975 
1 0 0 0 1276202 
1 0 0 0 3946379 
1 0 0 0 6616556 
1 0 0 0 -7490483 
1 0 0 0 -4820307 
1 0 0 0 -2150130 
1 0 0 0 520047 
1 0 0 0 3190224 
1 0 0 0 5860401 
1 0 0 0 -8246638 
1 0 0 0 -5576461 
1 0 0 0 -2906285 
1 0 0 0 -236108 
1 0 0 0 2434069 
1 0 0 0 5104246 
1 0 0 0 7774423 
1 0 0 0 -6332616 
1 0 0 0 -3662439 
1 0 0 0 -992263 
1 0 0 0 1677914 
1 0 0 0 4348091 
1 0 0 0 7018268 
1 0 0 0 -7088771 
1 0 0 0 -4418594 
1 0 0 0 -1748417 
1 0 0 0 921759 
1 0 0 0 3591936 
1 0 0 0 6262113 
1 0 0 0 -7844926 
1 0 0 0 -5174749 
1 0 0 0 -2504572 
1 0 0 0 165605 
1 0 0 0 2835781 
1 0 0 0 5505958 
1 0 0 0 8176135 
1 0 0 0 -5930904 
1 0 0 0 -3260727 
1 0 0 0 -590550 
1 0 0 0 2079627 
1 0 0 0 4749803 
1 0 0 0 7419980 
1 0 0 0 -6687059 
1 0 0 0 -4016882 
1 0 0 0 -1346705 
1 0 0 0 1323472 
1 0 0 0 3993649 
1 0 0 0 6663825 
1 0 0 0 -7443214 
1 0 0 0 -4773037 
1 0 0 0 -2102860 
1 0 0 0 567317 
1 0 0 0 3237494 
1 0 0 0 5907671 
1 0 0 0 -8199369 
1 0 0 0 -5529192 
1 0 0 0 -2859015 
1 0 0 0 -188838 
1 0 0 0 2481339 
1 0 0 0 5151516 
1 0 0 0 7821693 
1 0 0 0 -6285347 
1 0 0 0 -3615170 
1 0 0 0 -944993 
1 0 0 0 1725184 
1 0 0 0 4395361 
1 0 0 0 7065538 
1 0 0 0 -7041501 
1 0 0 0 -4371325 
1 0 0 0 -1701148 
1 0 0 0 969029 
1 0 0 0 3639206 
1 0 0 0 6309383 
1 0 0 0 -7797656 
1 0 0 0 -5127479 
1 0 0 0 -2457303 
1 0 0 0 212874 
1 0 0 0 2883051 
1 0 0 0 5553228 
1 0 0 0 8223405 
1 0 0 0 -5883634 
1 0 0 0 -3213457 
1 0 0 0 -543281 
1 0 0 0 2126896 
1 0 0 0 4797073 
1 0 0 0 7467250 
1 0 0 0 -6639789 
1 0 0 0 -3969612 
1 0 0 0 -1299435 
1 0 0 0 1370741 
1 0 0 0 4040918 
1 0 0 0 6711095 
1 0 0 0 -7395944 
1 0 0 0 -4725767 
1 0 0 0 -2055590 
1 0 0 0 614587 
1 0 0 0 3284763 
1 0 0 0 5954940 
1 0 0 0 -8152099 
1 0 0 0 -5481922 
1 0 0 0 -2811745 
1 0 0 0 -141568 
1 0 0 0 2528609 
1 0 0 0 5198785 
1 0 0 0 7868962 
1 0 0 0 -6238077 
1 0 0 0 -3567900 
1 0 0 0 -897723 
1 0 0 0 1772454 
1 0 0 0 4442631 
1 0 0 0 7112807 
1 0 0 0 -6994232 
1 0 0 0 -4324055 
1 0 0 0 -1653878 
1 0 0 0 1016299 
1 0 0 0 3686476 
1 0 0 0 6356653 
1 0 0 0 -7750387 
1 0 0 0 -5080210 
1 0 0 0 -2410033 
1 0 0 0 260144 
1 0 0 0 2930321 
1 0 0 0 5600498 
1 0 0 0 8270675 
1 0 0 0 -5836365 
1 0 0 0 -3166188 
1 0 0 0 -496011 
1 0 0 0 2174166 
1 0 0 0 4844343 
1 0 0 0 7514520 
1 0 0 0 -6592519 
1 0 0 0 -3922343 
1 0 0 0 -1252166 
1 0 0 0 1418011 
1 0 0 0 4088188 
1 0 0 0 6758365 
1 0 0 0 -7348674 
1 0 0 0 -4678497 
1 0 0 0 -2008321 
1 0 0 0 661856 
1 0 0 0 3332033 
1 0 0 0 6002210 
1 0 0 0 -8104829 
1 0 0 0 -5434652 
1 0 0 0 -2764475 
1 0 0 0 -94299 
1 0 0 0 2575878 
1 0 0 0 5246055 
1 0 0 0 7916232 
1 0 0 0 -6190807 
1 0 0 0 -3520630 
1 0 0 0 -850453 
1 0 0 0 1819723 
1 0 0 0 4489900 
1 0 0 0 7160077 
1 0 0 0 -6946962 
1 0 0 0 -4276785 
1 0 0 0 -1606608 
1 0 0 0 1063569 
1 0 0 0 3733746 
1 0 0 0 6403922 
1 0 0 0 -7703117 
1 0 0 0 -5032940 
1 0 0 0 -2362763 
1 0 0 0 307414 
1 0 0 0 2977591 
1 0 0 0 5647768 
1 0 0 0 8317944 
1 0 0 0 -5789095 
