1 1 0  0.1  0
1 1 0  0.15  0
1 1 0  0.2  0
1 1 0  0.25  0
1 1 0  0.3  0
1 1 0  0.35  0
1 1 0  0.4  0
1 1 0  0.45  0
1 1 0  0.5  0
1 1 0  0.55  0
1 1 0  0.6  0
1 1 0  0.65  0
1 1 0  0.7  0
1 1 0  0.75  0
1 1 0  0.8  0
1 1 0  0.9  0
1 1 0  0.9  0
1 1 0  0.8  0
1 1 0  0.75  0
1 1 0  0.7  0
1 1 0  0.65  0
1 1 0  0.6  0
1 1 0  0.55  0
1 1 0  0.5  0
1 1 0  0.45  0
1 1 0  0.4  0
1 1 0  0.35  0
1 1 0  0.3  0
1 1 0  0.25  0
1 1 0  0.2  0
1 1 0  0.15  0
1 1 0  0.1  0
1 0 0 0  -0.00500011444092
1 0 0 0  -0.00997507572174
1 0 0 0  -0.0149252414703
1 0 0 0  -0.0198506116867
1 0 0 0  -0.0247513055801
1 0 0 0  -0.0295884609222
1 0 0 0  -0.0344015359879
1 0 0 0  -0.0391904115677
1 0 0 0  -0.0439554452896
1 0 0 0  -0.0486575365067
1 0 0 0  -0.0533361434937
1 0 0 0  -0.0579912662506
1 0 0 0  -0.0626231431961
1 0 0 0  -0.0672320127487
1 0 0 0  -0.0717786550522
1 0 0 0  -0.0763025283813
1 0 0 0  -0.0808038711548
1 0 0 0  -0.0852826833725
1 0 0 0  -0.0896999835968
1 0 0 0  -0.0940952301025
1 0 0 0  -0.098468542099
1 0 0 0  -0.102819919586
1 0 0 0  -0.107149600983
1 0 0 0  -0.111418485641
1 0 0 0  -0.115666031837
1 0 0 0  -0.119892477989
1 0 0 0  -0.124097704887
1 0 0 0  -0.128242850304
1 0 0 0  -0.132367253304
1 0 0 0  -0.136471033096
1 0 0 0  -0.140554308891
1 0 0 0  -0.144617080688
1 0 0 0  -0.148620605469
1 0 0 0  -0.152604103088
1 0 0 0  -0.156567573547
1 0 0 0  -0.160511374474
1 0 0 0  -0.164396286011
1 0 0 0  -0.168261766434
1 0 0 0  -0.172107934952
1 0 0 0  -0.175934910774
1 0 0 0  -0.17974281311
1 0 0 0  -0.183492541313
1 0 0 0  -0.187223434448
1 0 0 0  -0.190935730934
1 0 0 0  -0.19462954998
1 0 0 0  -0.198265790939
1 0 0 0  -0.201883792877
1 0 0 0  -0.205483794212
1 0 0 0  -0.209065675735
1 0 0 0  -0.212629795074
1 0 0 0  -0.216136932373
1 0 0 0  -0.219626545906
1 0 0 0  -0.223098754883
1 0 0 0  -0.226553559303
1 0 0 0  -0.229952096939
1 0 0 0  -0.233333587646
1 0 0 0  -0.236698150635
1 0 0 0  -0.240045905113
1 0 0 0  -0.243376851082
1 0 0 0  -0.246652245522
1 0 0 0  -0.249911189079
1 0 0 0  -0.253153800964
1 0 0 0  -0.256380200386
1 0 0 0  -0.259551405907
1 0 0 0  -0.262706756592
1 0 0 0  -0.265846371651
1 0 0 0  -0.268970251083
1 0 0 0  -0.272078514099
1 0 0 0  -0.27513217926
1 0 0 0  -0.278170585632
1 0 0 0  -0.281193852425
1 0 0 0  -0.284201860428
1 0 0 0  -0.287155866623
1 0 0 0  -0.290095090866
1 0 0 0  -0.293019652367
1 0 0 0  -0.295929551125
1 0 0 0  -0.298824906349
1 0 0 0  -0.301666736603
1 0 0 0  -0.304494380951
1 0 0 0  -0.307307839394
1 0 0 0  -0.31010723114
1 0 0 0  -0.312853574753
1 0 0 0  -0.315586090088
1 0 0 0  -0.318305134773
1 0 0 0  -0.32101047039
1 0 0 0  -0.323702216148
1 0 0 0  -0.326341509819
1 0 0 0  -0.328967690468
1 0 0 0  -0.331580638885
1 0 0 0  -0.334180593491
1 0 0 0  -0.336728334427
1 0 0 0  -0.339263558388
1 0 0 0  -0.341785907745
1 0 0 0  -0.344295740128
1 0 0 0  -0.346793055534
1 0 0 0  -0.349238753319
1 0 0 0  -0.351672291756
1 0 0 0  -0.354093551636
1 0 0 0  -0.356502771378
1 0 0 0  -0.358860850334
1 0 0 0  -0.36120724678
1 0 0 0  -0.363541841507
1 0 0 0  -0.365864753723
1 0 0 0  -0.368175983429
1 0 0 0  -0.370436668396
1 0 0 0  -0.37268614769
1 0 0 0  -0.374924182892
1 0 0 0  -0.37715113163
1 0 0 0  -0.379327893257
1 0 0 0  -0.381493806839
1 0 0 0  -0.383648753166
1 0 0 0  -0.385793089867
1 0 0 0  -0.387926578522
1 0 0 0  -0.390010356903
1 0 0 0  -0.392083764076
1 0 0 0  -0.394146800041
1 0 0 0  -0.396199464798
1 0 0 0  -0.398202896118
1 0 0 0  -0.400196194649
1 0 0 0  -0.402179598808
1 0 0 0  -0.404153108597
1 0 0 0  -0.406116724014
1 0 0 0  -0.408031463623
1 0 0 0  -0.409936666489
1 0 0 0  -0.411832213402
1 0 0 0  -0.413718342781
1 0 0 0  -0.415556073189
1 0 0 0  -0.417384505272
1 0 0 0  -0.419203877449
1 0 0 0  -0.421014070511
1 0 0 0  -0.422776222229
1 0 0 0  -0.42452955246
1 0 0 0  -0.426274061203
1 0 0 0  -0.428009867668
1 0 0 0  -0.429736971855
1 0 0 0  -0.431416392326
1 0 0 0  -0.433087468147
1 0 0 0  -0.434750199318
1 0 0 0  -0.436404585838
1 0 0 0  -0.438011527061
1 0 0 0  -0.439610600471
1 0 0 0  -0.44120156765
1 0 0 0  -0.442784667015
1 0 0 0  -0.444359779358
1 0 0 0  -0.44588804245
1 0 0 0  -0.447408556938
1 0 0 0  -0.448921561241
1 0 0 0  -0.45042693615
1 0 0 0  -0.451885700226
1 0 0 0  -0.453337192535
1 0 0 0  -0.454781413078
1 0 0 0  -0.456218481064
1 0 0 0  -0.457648396492
1 0 0 0  -0.459031939507
1 0 0 0  -0.460408687592
1 0 0 0  -0.461778521538
1 0 0 0  -0.463141560555
1 0 0 0  -0.464458584785
1 0 0 0  -0.465769171715
1 0 0 0  -0.467073082924
1 0 0 0  -0.468370556831
1 0 0 0  -0.469661474228
1 0 0 0  -0.470906972885
1 0 0 0  -0.47214615345
1 0 0 0  -0.473379135132
1 0 0 0  -0.47460603714
1 0 0 0  -0.475787639618
1 0 0 0  -0.476963400841
1 0 0 0  -0.478133320808
1 0 0 0  -0.479297280312
1 0 0 0  -0.480455517769
1 0 0 0  -0.481568932533
1 0 0 0  -0.482676625252
1 0 0 0  -0.483778953552
1 0 0 0  -0.484875679016
1 0 0 0  -0.485927820206
1 0 0 0  -0.486974716187
1 0 0 0  -0.488016486168
1 0 0 0  -0.489052891731
1 0 0 0  -0.490084171295
1 0 0 0  -0.491071343422
1 0 0 0  -0.492053389549
1 0 0 0  -0.493030667305
1 0 0 0  -0.49400305748
1 0 0 0  -0.494931459427
1 0 0 0  -0.495855212212
1 0 0 0  -0.496774435043
1 0 0 0  -0.497689008713
1 0 0 0  -0.49859893322
1 0 0 0  -0.499465346336
1 0 0 0  -0.500327348709
1 0 0 0  -0.501185059547
1 0 0 0  -0.502038598061
1 0 0 0  -0.502848625183
1 0 0 0  -0.503654718399
1 0 0 0  -0.504456758499
1 0 0 0  -0.505254864693
1 0 0 0  -0.506048798561
1 0 0 0  -0.506799817085
1 0 0 0  -0.507547140121
1 0 0 0  -0.50829064846
1 0 0 0  -0.509030461311
1 0 0 0  -0.509727478027
1 0 0 0  -0.510421037674
1 0 0 0  -0.511111140251
1 0 0 0  -0.511797785759
1 0 0 0  -0.512480974197
1 0 0 0  -0.513121604919
1 0 0 0  -0.5137591362
1 0 0 0  -0.51439344883
1 0 0 0  -0.515024662018
1 0 0 0  -0.515613555908
1 0 0 0  -0.516199588776
1 0 0 0  -0.516782641411
1 0 0 0  -0.517362833023
1 0 0 0  -0.517940044403
1 0 0 0  -0.518475294113
1 0 0 0  -0.519007921219
1 0 0 0  -0.51953792572
1 0 0 0  -0.520065188408
1 0 0 0  -0.520550847054
1 0 0 0  -0.521034002304
1 0 0 0  -0.521514773369
1 0 0 0  -0.521993160248
1 0 0 0  -0.522469162941
1 0 0 0  -0.522903680801
1 0 0 0  -0.523336052895
1 0 0 0  -0.523766279221
1 0 0 0  -0.52419424057
1 0 0 0  -0.524581074715
1 0 0 0  -0.524966001511
1 0 0 0  -0.525349020958
1 0 0 0  -0.525730013847
1 0 0 0  -0.526109218597
1 0 0 0  -0.526447415352
1 0 0 0  -0.526783943176
1 0 0 0  -0.527118802071
1 0 0 0  -0.527451992035
1 0 0 0  -0.527744412422
1 0 0 0  -0.528035283089
1 0 0 0  -0.528324842453
1 0 0 0  -0.528612852097
1 0 0 0  -0.528899550438
1 0 0 0  -0.529145598412
1 0 0 0  -0.529390573502
1 0 0 0  -0.529634237289
1 0 0 0  -0.529876708984
1 0 0 0  -0.530078887939
1 0 0 0  -0.530279994011
1 0 0 0  -0.530480146408
1 0 0 0  -0.530679345131
1 0 0 0  -0.53087747097
1 0 0 0  -0.531035661697
1 0 0 0  -0.53119289875
1 0 0 0  -0.531349539757
1 0 0 0  -0.531505227089
1 0 0 0  -0.531621098518
1 0 0 0  -0.531736493111
1 0 0 0  -0.531851291656
1 0 0 0  -0.531965374947
1 0 0 0  -0.532039999962
1 0 0 0  -0.53211414814
1 0 0 0  -0.53218793869
1 0 0 0  -0.532261371613
1 0 0 0  -0.532334446907
1 0 0 0  -0.532368063927
1 0 0 0  -0.532401561737
1 0 0 0  -0.532434821129
1 0 0 0  -0.532467961311
1 0 0 0  -0.532461881638
1 0 0 0  -0.532455801964
1 0 0 0  -0.532449841499
1 0 0 0  -0.532443881035
1 0 0 0  -0.53243792057
1 0 0 0  -0.532392859459
1 0 0 0  -0.532348036766
1 0 0 0  -0.532303571701
1 0 0 0  -0.532259225845
1 0 0 0  -0.532176017761
1 0 0 0  -0.532093286514
1 0 0 0  -0.532010912895
1 0 0 0  -0.531929016113
1 0 0 0  -0.531847476959
1 0 0 0  -0.531727313995
1 0 0 0  -0.531607747078
1 0 0 0  -0.531488776207
1 0 0 0  -0.531370401382
1 0 0 0  -0.531213521957
1 0 0 0  -0.531057476997
1 0 0 0  -0.530902147293
1 0 0 0  -0.530747652054
1 0 0 0  -0.53059387207
1 0 0 0  -0.530401945114
1 0 0 0  -0.530210852623
1 0 0 0  -0.530020713806
1 0 0 0  -0.529831528664
1 0 0 0  -0.529604315758
1 0 0 0  -0.529378056526
1 0 0 0  -0.529153108597
1 0 0 0  -0.528929233551
1 0 0 0  -0.528706431389
1 0 0 0  -0.528445720673
1 0 0 0  -0.528186321259
1 0 0 0  -0.527928233147
1 0 0 0  -0.527671337128
1 0 0 0  -0.527376770973
1 0 0 0  -0.52708363533
1 0 0 0  -0.526791930199
1 0 0 0  -0.526501774788
1 0 0 0  -0.526212930679
1 0 0 0  -0.525886654854
1 0 0 0  -0.52556180954
1 0 0 0  -0.525238752365
1 0 0 0  -0.524917244911
1 0 0 0  -0.52455830574
1 0 0 0  -0.524201154709
1 0 0 0  -0.523845672607
1 0 0 0  -0.523492097855
1 0 0 0  -0.523140311241
1 0 0 0  -0.522751092911
1 0 0 0  -0.522363901138
1 0 0 0  -0.521978735924
1 0 0 0  -0.521595358849
1 0 0 0  -0.521174907684
1 0 0 0  -0.520756483078
1 0 0 0  -0.520340204239
1 0 0 0  -0.519926071167
1 0 0 0  -0.519513845444
1 0 0 0  -0.51906478405
1 0 0 0  -0.518617868423
1 0 0 0  -0.518173217773
1 0 0 0  -0.5177308321
1 0 0 0  -0.517251491547
1 0 0 0  -0.516774654388
1 0 0 0  -0.516300201416
1 0 0 0  -0.51582801342
1 0 0 0  -0.51535820961
1 0 0 0  -0.514851808548
1 0 0 0  -0.514347791672
1 0 0 0  -0.5138463974
1 0 0 0  -0.513347506523
1 0 0 0  -0.512812018394
1 0 0 0  -0.51227915287
1 0 0 0  -0.51174902916
1 0 0 0  -0.511221528053
1 0 0 0  -0.510696649551
1 0 0 0  -0.510135412216
1 0 0 0  -0.509576916695
1 0 0 0  -0.509021162987
1 0 0 0  -0.508468270302
1 0 0 0  -0.507879018784
1 0 0 0  -0.507292747498
1 0 0 0  -0.506709456444
1 0 0 0  -0.506129026413
1 0 0 0  -0.505551576614
1 0 0 0  -0.504937887192
1 0 0 0  -0.504327178001
1 0 0 0  -0.503719687462
1 0 0 0  -0.503115057945
1 0 0 0  -0.502474546432
1 0 0 0  -0.501837134361
1 0 0 0  -0.501202940941
1 0 0 0  -0.500571966171
1 0 0 0  -0.499944090843
1 0 0 0  -0.499280333519
1 0 0 0  -0.498619794846
1 0 0 0  -0.497962713242
1 0 0 0  -0.497308850288
1 0 0 0  -0.496619105339
1 0 0 0  -0.495932936668
1 0 0 0  -0.495250105858
1 0 0 0  -0.494570732117
1 0 0 0  -0.493894815445
1 0 0 0  -0.493183135986
1 0 0 0  -0.492475032806
1 0 0 0  -0.491770386696
1 0 0 0  -0.491069436073
1 0 0 0  -0.490332841873
1 0 0 0  -0.489599943161
1 0 0 0  -0.488870620728
1 0 0 0  -0.488144993782
1 0 0 0  -0.487423062325
1 0 0 0  -0.486665606499
1 0 0 0  -0.48591196537
1 0 0 0  -0.485162138939
1 0 0 0  -0.484416007996
1 0 0 0  -0.483634591103
1 0 0 0  -0.482856988907
1 0 0 0  -0.482083320618
1 0 0 0  -0.481313586235
1 0 0 0  -0.48054766655
1 0 0 0  -0.479746460915
1 0 0 0  -0.478949308395
1 0 0 0  -0.478156089783
1 0 0 0  -0.477366805077
1 0 0 0  -0.476542472839
1 0 0 0  -0.475722312927
1 0 0 0  -0.474906206131
1 0 0 0  -0.474094152451
1 0 0 0  -0.473247170448
1 0 0 0  -0.472404360771
1 0 0 0  -0.471565723419
1 0 0 0  -0.470731377602
1 0 0 0  -0.469901204109
1 0 0 0  -0.469035983086
1 0 0 0  -0.468175172806
1 0 0 0  -0.46731865406
1 0 0 0  -0.466466546059
1 0 0 0  -0.465579509735
1 0 0 0  -0.464696884155
1 0 0 0  -0.463818669319
1 0 0 0  -0.462944984436
1 0 0 0  -0.462075471878
1 0 0 0  -0.461171388626
1 0 0 0  -0.460271835327
1 0 0 0  -0.459376692772
1 0 0 0  -0.45848608017
1 0 0 0  -0.457560777664
1 0 0 0  -0.45664024353
1 0 0 0  -0.45572412014
1 0 0 0  -0.454812765121
1 0 0 0  -0.453905820847
1 0 0 0  -0.452964425087
1 0 0 0  -0.452027797699
1 0 0 0  -0.451095700264
1 0 0 0  -0.450168371201
1 0 0 0  -0.449206590652
1 0 0 0  -0.448249697685
1 0 0 0  -0.44729745388
1 0 0 0  -0.446350097656
1 0 0 0  -0.445407390594
1 0 0 0  -0.444430351257
1 0 0 0  -0.443458199501
1 0 0 0  -0.442490935326
1 0 0 0  -0.441528439522
1 0 0 0  -0.440531730652
1 0 0 0  -0.439540028572
1 0 0 0  -0.438553214073
1 0 0 0  -0.437571406364
1 0 0 0  -0.436594486237
1 0 0 0  -0.435583353043
1 0 0 0  -0.434577345848
1 0 0 0  -0.433576345444
1 0 0 0  -0.43258035183
1 0 0 0  -0.431550264359
1 0 0 0  -0.430525302887
1 0 0 0  -0.429505467415
1 0 0 0  -0.428490757942
1 0 0 0  -0.427481174469
1 0 0 0  -0.426437497139
1 0 0 0  -0.425399065018
1 0 0 0  -0.424365758896
1 0 0 0  -0.423337697983
1 0 0 0  -0.422275662422
1 0 0 0  -0.42121899128
1 0 0 0  -0.420167565346
1 0 0 0  -0.41912150383
1 0 0 0  -0.418080568314
1 0 0 0  -0.417005777359
1 0 0 0  -0.415936350822
1 0 0 0  -0.414872288704
1 0 0 0  -0.413813591003
1 0 0 0  -0.412721037865
1 0 0 0  -0.411634087563
1 0 0 0  -0.410552382469
1 0 0 0  -0.409476280212
1 0 0 0  -0.408405423164
1 0 0 0  -0.407300829887
1 0 0 0  -0.406201839447
1 0 0 0  -0.405108332634
1 0 0 0  -0.404020309448
1 0 0 0  -0.402898669243
1 0 0 0  -0.401782631874
1 0 0 0  -0.400672078133
1 0 0 0  -0.399567246437
1 0 0 0  -0.39846777916
1 0 0 0  -0.397334814072
1 0 0 0  -0.39620757103
1 0 0 0  -0.395085930824
1 0 0 0  -0.393969774246
1 0 0 0  -0.392820239067
1 0 0 0  -0.391676545143
1 0 0 0  -0.390538454056
1 0 0 0  -0.389406085014
1 0 0 0  -0.38827931881
1 0 0 0  -0.387119174004
1 0 0 0  -0.385964870453
1 0 0 0  -0.384816288948
1 0 0 0  -0.383673429489
1 0 0 0  -0.382497310638
1 0 0 0  -0.381326913834
1 0 0 0  -0.380162477493
1 0 0 0  -0.379003882408
1 0 0 0  -0.377851009369
1 0 0 0  -0.376664876938
1 0 0 0  -0.375484704971
1 0 0 0  -0.37431037426
1 0 0 0  -0.373142004013
1 0 0 0  -0.371940374374
1 0 0 0  -0.3707447052
1 0 0 0  -0.36955499649
1 0 0 0  -0.368371367455
1 0 0 0  -0.367193579674
1 0 0 0  -0.365982532501
1 0 0 0  -0.364777684212
1 0 0 0  -0.363578796387
1 0 0 0  -0.362385869026
1 0 0 0  -0.361159920692
1 0 0 0  -0.359940052032
1 0 0 0  -0.358726263046
1 0 0 0  -0.357518553734
1 0 0 0  -0.356316924095
1 0 0 0  -0.355082154274
1 0 0 0  -0.353853702545
1 0 0 0  -0.35263133049
1 0 0 0  -0.351415038109
1 0 0 0  -0.350165724754
1 0 0 0  -0.348922729492
1 0 0 0  -0.347685933113
1 0 0 0  -0.346455335617
1 0 0 0  -0.345230817795
1 0 0 0  -0.343973398209
1 0 0 0  -0.342722296715
1 0 0 0  -0.341477513313
1 0 0 0  -0.340238809586
1 0 0 0  -0.338967323303
1 0 0 0  -0.337702155113
1 0 0 0  -0.336443305016
1 0 0 0  -0.33519077301
1 0 0 0  -0.33390545845
1 0 0 0  -0.332626581192
1 0 0 0  -0.331354022026
1 0 0 0  -0.330087900162
1 0 0 0  -0.32882809639
1 0 0 0  -0.327535510063
1 0 0 0  -0.326249480247
1 0 0 0  -0.324969768524
1 0 0 0  -0.323696494102
1 0 0 0  -0.322390437126
1 0 0 0  -0.32109105587
1 0 0 0  -0.319798111916
1 0 0 0  -0.318511605263
1 0 0 0  -0.317231535912
1 0 0 0  -0.315918803215
1 0 0 0  -0.314612627029
1 0 0 0  -0.313313007355
1 0 0 0  -0.312019944191
1 0 0 0  -0.310694217682
1 0 0 0  -0.309375047684
1 0 0 0  -0.308062553406
1 0 0 0  -0.306756615639
1 0 0 0  -0.305457234383
1 0 0 0  -0.30412530899
1 0 0 0  -0.302799940109
1 0 0 0  -0.301481246948
1 0 0 0  -0.300169110298
1 0 0 0  -0.298824548721
1 0 0 0  -0.297486662865
1 0 0 0  -0.296155452728
1 0 0 0  -0.294831037521
1 0 0 0  -0.293513059616
1 0 0 0  -0.292162656784
1 0 0 0  -0.290819048882
1 0 0 0  -0.289482116699
1 0 0 0  -0.288151979446
1 0 0 0  -0.286789298058
1 0 0 0  -0.285433530807
1 0 0 0  -0.284084439278
1 0 0 0  -0.282742142677
1 0 0 0  -0.281406521797
1 0 0 0  -0.2800385952
1 0 0 0  -0.278677463531
1 0 0 0  -0.277323126793
1 0 0 0  -0.275975584984
1 0 0 0  -0.274595737457
1 0 0 0  -0.27322268486
1 0 0 0  -0.271856665611
1 0 0 0  -0.270497322083
1 0 0 0  -0.269144892693
1 0 0 0  -0.267760038376
1 0 0 0  -0.266382217407
1 0 0 0  -0.265011191368
1 0 0 0  -0.263647079468
1 0 0 0  -0.262250781059
1 0 0 0  -0.26086139679
1 0 0 0  -0.259478926659
1 0 0 0  -0.258103370667
1 0 0 0  -0.256734728813
1 0 0 0  -0.255333900452
1 0 0 0  -0.253940105438
1 0 0 0  -0.252553224564
1 0 0 0  -0.251173257828
1 0 0 0  -0.249761104584
1 0 0 0  -0.248356103897
1 0 0 0  -0.246958017349
1 0 0 0  -0.245566964149
1 0 0 0  -0.244182944298
1 0 0 0  -0.242766618729
1 0 0 0  -0.241357564926
1 0 0 0  -0.239955425262
1 0 0 0  -0.238560318947
1 0 0 0  -0.237133145332
1 0 0 0  -0.235713124275
1 0 0 0  -0.234300136566
1 0 0 0  -0.232894301414
1 0 0 0  -0.231495499611
1 0 0 0  -0.230064511299
1 0 0 0  -0.228640794754
1 0 0 0  -0.227224111557
1 0 0 0  -0.225814580917
1 0 0 0  -0.224372982979
1 0 0 0  -0.222938656807
1 0 0 0  -0.221511483192
1 0 0 0  -0.220091342926
1 0 0 0  -0.218678474426
1 0 0 0  -0.217233538628
1 0 0 0  -0.215795755386
1 0 0 0  -0.214365243912
1 0 0 0  -0.212941765785
1 0 0 0  -0.211486458778
1 0 0 0  -0.210038423538
1 0 0 0  -0.208597660065
1 0 0 0  -0.207164049149
1 0 0 0  -0.20573759079
1 0 0 0  -0.204279184341
1 0 0 0  -0.20282804966
1 0 0 0  -0.201384305954
1 0 0 0  -0.199947714806
1 0 0 0  -0.198479175568
1 0 0 0  -0.197018027306
1 0 0 0  -0.19556415081
1 0 0 0  -0.194117665291
1 0 0 0  -0.192678332329
1 0 0 0  -0.191207051277
1 0 0 0  -0.189743280411
1 0 0 0  -0.188286662102
1 0 0 0  -0.186837434769
1 0 0 0  -0.185356378555
1 0 0 0  -0.183882713318
1 0 0 0  -0.182416439056
1 0 0 0  -0.180957436562
1 0 0 0  -0.179505825043
1 0 0 0  -0.178022384644
1 0 0 0  -0.17654633522
1 0 0 0  -0.175077676773
1 0 0 0  -0.173616290092
1 0 0 0  -0.172123193741
1 0 0 0  -0.170637607574
1 0 0 0  -0.169159412384
1 0 0 0  -0.16768860817
1 0 0 0  -0.166225194931
1 0 0 0  -0.164729952812
1 0 0 0  -0.163242340088
1 0 0 0  -0.16176199913
1 0 0 0  -0.160289168358
1 0 0 0  -0.158784627914
1 0 0 0  -0.157287478447
1 0 0 0  -0.155797958374
1 0 0 0  -0.154315829277
1 0 0 0  -0.152841091156
1 0 0 0  -0.151334762573
1 0 0 0  -0.149835944176
1 0 0 0  -0.148344516754
1 0 0 0  -0.146860599518
1 0 0 0  -0.14534509182
1 0 0 0  -0.143837094307
1 0 0 0  -0.142336606979
1 0 0 0  -0.140843749046
1 0 0 0  -0.139319181442
1 0 0 0  -0.137802243233
1 0 0 0  -0.136292934418
1 0 0 0  -0.134791135788
1 0 0 0  -0.133296966553
1 0 0 0  -0.131771087646
1 0 0 0  -0.130252838135
1 0 0 0  -0.128742218018
1 0 0 0  -0.127239108086
1 0 0 0  -0.125704526901
1 0 0 0  -0.124177455902
1 0 0 0  -0.122658133507
1 0 0 0  -0.121146440506
1 0 0 0  -0.11964225769
1 0 0 0  -0.118106603622
1 0 0 0  -0.116578578949
1 0 0 0  -0.11505818367
1 0 0 0  -0.113545417786
1 0 0 0  -0.11200106144
1 0 0 0  -0.110464453697
1 0 0 0  -0.108935594559
1 0 0 0  -0.107414364815
1 0 0 0  -0.105900764465
1 0 0 0  -0.104355573654
1 0 0 0  -0.102818250656
1 0 0 0  -0.101288437843
1 0 0 0  -0.0997663736343
1 0 0 0  -0.0982129573822
1 0 0 0  -0.0966671705246
1 0 0 0  -0.0951291322708
1 0 0 0  -0.0935988426208
1 0 0 0  -0.0920760631561
1 0 0 0  -0.0905219316483
1 0 0 0  -0.0889756679535
1 0 0 0  -0.0874370336533
1 0 0 0  -0.0859060287476
1 0 0 0  -0.0843436717987
1 0 0 0  -0.082789182663
1 0 0 0  -0.081242442131
1 0 0 0  -0.0797034502029
1 0 0 0  -0.0781720876694
1 0 0 0  -0.0766093730927
1 0 0 0  -0.0750544071198
1 0 0 0  -0.07350730896
1 0 0 0  -0.0719678401947
1 0 0 0  -0.0703971385956
1 0 0 0  -0.0688341856003
1 0 0 0  -0.0672791004181
1 0 0 0  -0.0657317638397
1 0 0 0  -0.0641921758652
1 0 0 0  -0.0626211166382
1 0 0 0  -0.0610580444336
1 0 0 0  -0.0595027208328
1 0 0 0  -0.0579552650452
1 0 0 0  -0.0563764572144
1 0 0 0  -0.0548055171967
1 0 0 0  -0.0532424449921
1 0 0 0  -0.0516871213913
1 0 0 0  -0.0501396656036
1 0 0 0  -0.0485607385635
1 0 0 0  -0.0469899177551
1 0 0 0  -0.0454268455505
1 0 0 0  -0.0438715219498
1 0 0 0  -0.0422849655151
1 0 0 0  -0.0407063961029
1 0 0 0  -0.0391356945038
1 0 0 0  -0.0375727415085
1 0 0 0  -0.0360177755356
1 0 0 0  -0.0344314575195
1 0 0 0  -0.0328530073166
1 0 0 0  -0.0312824249268
1 0 0 0  -0.0297198295593
1 0 0 0  -0.0281258821487
1 0 0 0  -0.0265399217606
1 0 0 0  -0.0249619483948
1 0 0 0  -0.0233918428421
1 0 0 0  -0.0218296051025
1 0 0 0  -0.0202360153198
1 0 0 0  -0.0186505317688
1 0 0 0  -0.0170729160309
1 0 0 0  -0.0155031681061
1 0 0 0  -0.0139021873474
1 0 0 0  -0.0123091936111
1 0 0 0  -0.0107241868973
1 0 0 0  -0.00914716720581
1 0 0 0  -0.00757801532745
1 0 0 0  -0.00597763061523
1 0 0 0  -0.00438523292542
1 0 0 0  -0.002800822258
1 0 0 0  -0.00122427940369
1 0 0 0  0.000383377075195
1 0 0 0  0.00198304653168
1 0 0 0  0.00357472896576
1 0 0 0  0.00515842437744
1 0 0 0  0.00673413276672
1 0 0 0  0.00834107398987
1 0 0 0  0.00994002819061
1 0 0 0  0.011530995369
1 0 0 0  0.0131138563156
1 0 0 0  0.0147280693054
1 0 0 0  0.0163340568542
1 0 0 0  0.0179320573807
1 0 0 0  0.0195220708847
1 0 0 0  0.0211042165756
1 0 0 0  0.0227174758911
1 0 0 0  0.0243226289749
1 0 0 0  0.025919675827
1 0 0 0  0.027508854866
1 0 0 0  0.0291291475296
1 0 0 0  0.0307413339615
1 0 0 0  0.0323454141617
1 0 0 0  0.0339415073395
1 0 0 0  0.0355296134949
1 0 0 0  0.0371488332748
1 0 0 0  0.0387599468231
1 0 0 0  0.040363073349
1 0 0 0  0.0419580936432
1 0 0 0  0.043584227562
1 0 0 0  0.045202255249
1 0 0 0  0.0468121767044
1 0 0 0  0.0484141111374
1 0 0 0  0.0500079393387
1 0 0 0  0.0516328811646
1 0 0 0  0.0532497167587
1 0 0 0  0.0548584461212
1 0 0 0  0.0564591884613
1 0 0 0  0.0580909252167
1 0 0 0  0.0597145557404
1 0 0 0  0.0613300800323
1 0 0 0  0.0629374980927
1 0 0 0  0.0645368099213
1 0 0 0  0.0661672353745
1 0 0 0  0.0677895545959
1 0 0 0  0.0694037675858
1 0 0 0  0.0710098743439
1 0 0 0  0.0726469755173
1 0 0 0  0.074275970459
1 0 0 0  0.0758967399597
1 0 0 0  0.0775094032288
1 0 0 0  0.0791140794754
1 0 0 0  0.0807497501373
1 0 0 0  0.0823773145676
1 0 0 0  0.0839966535568
1 0 0 0  0.0856078863144
1 0 0 0  0.0872501134872
1 0 0 0  0.0888842344284
1 0 0 0  0.0905101299286
1 0 0 0  0.0921279191971
1 0 0 0  0.0937765836716
1 0 0 0  0.0954171419144
1 0 0 0  0.0970493555069
1 0 0 0  0.098673582077
1 0 0 0  0.100289583206
1 0 0 0  0.101936578751
1 0 0 0  0.103575229645
1 0 0 0  0.105205893517
1 0 0 0  0.106828212738
1 0 0 0  0.108481645584
1 0 0 0  0.11012673378
1 0 0 0  0.111763596535
1 0 0 0  0.113392233849
1 0 0 0  0.115012764931
1 0 0 0  0.116664290428
1 0 0 0  0.118307471275
1 0 0 0  0.119942545891
1 0 0 0  0.121569395065
1 0 0 0  0.123227119446
1 0 0 0  0.124876618385
1 0 0 0  0.126517891884
1 0 0 0  0.128150939941
1 0 0 0  0.129775762558
1 0 0 0  0.13143157959
1 0 0 0  0.133079171181
1 0 0 0  0.134718418121
1 0 0 0  0.13634955883
1 0 0 0  0.138011574745
1 0 0 0  0.13966524601
1 0 0 0  0.141310691833
1 0 0 0  0.142947793007
1 0 0 0  0.144576907158
1 0 0 0  0.146236777306
1 0 0 0  0.147888422012
1 0 0 0  0.149531722069
1 0 0 0  0.151166915894
1 0 0 0  0.152832984924
1 0 0 0  0.154490709305
1 0 0 0  0.156140089035
1 0 0 0  0.157781243324
1 0 0 0  0.159414291382
1 0 0 0  0.161078095436
1 0 0 0  0.162733674049
1 0 0 0  0.164380908012
1 0 0 0  0.166019916534
1 0 0 0  0.167689919472
1 0 0 0  0.16935145855
1 0 0 0  0.171004652977
1 0 0 0  0.172649621964
1 0 0 0  0.174286365509
1 0 0 0  0.175953984261
1 0 0 0  0.177613258362
1 0 0 0  0.179264307022
1 0 0 0  0.180907011032
1 0 0 0  0.182580590248
1 0 0 0  0.184245824814
1 0 0 0  0.185902714729
1 0 0 0  0.187551379204
1 0 0 0  0.189191699028
1 0 0 0  0.190863013268
1 0 0 0  0.192525863647
1 0 0 0  0.194180369377
1 0 0 0  0.195826649666
1 0 0 0  0.197503805161
1 0 0 0  0.199172496796
1 0 0 0  0.20083296299
1 0 0 0  0.202484965324
1 0 0 0  0.204128861427
1 0 0 0  0.205803513527
1 0 0 0  0.207469820976
1 0 0 0  0.209127783775
1 0 0 0  0.210777401924
1 0 0 0  0.212457895279
1 0 0 0  0.214130043983
1 0 0 0  0.215793728828
1 0 0 0  0.217449069023
1 0 0 0  0.219096302986
1 0 0 0  0.220774173737
1 0 0 0  0.222443819046
1 0 0 0  0.224105000496
1 0 0 0  0.225757956505
1 0 0 0  0.22744166851
1 0 0 0  0.229116916656
1 0 0 0  0.230783820152
1 0 0 0  0.232442378998
1 0 0 0  0.234092712402
1 0 0 0  0.235773801804
1 0 0 0  0.237446427345
1 0 0 0  0.239110827446
1 0 0 0  0.240766763687
1 0 0 0  0.242453575134
1 0 0 0  0.244131922722
1 0 0 0  0.245801925659
1 0 0 0  0.247463583946
1 0 0 0  0.249116897583
1 0 0 0  0.250800967216
1 0 0 0  0.2524766922
1 0 0 0  0.254143953323
1 0 0 0  0.255802869797
1 0 0 0  0.257492661476
1 0 0 0  0.259173870087
1 0 0 0  0.260846853256
1 0 0 0  0.262511372566
1 0 0 0  0.264167547226
1 0 0 0  0.265854477882
1 0 0 0  0.267533063889
1 0 0 0  0.269203186035
1 0 0 0  0.270864963531
1 0 0 0  0.272557497025
1 0 0 0  0.274241566658
1 0 0 0  0.275917291641
1 0 0 0  0.277584552765
1 0 0 0  0.279243469238
1 0 0 0  0.280933260918
1 0 0 0  0.282614469528
1 0 0 0  0.284287333488
1 0 0 0  0.285951852798
1 0 0 0  0.287647128105
1 0 0 0  0.289333820343
1 0 0 0  0.291012167931
1 0 0 0  0.292682170868
1 0 0 0  0.294343709946
1 0 0 0  0.296036124229
1 0 0 0  0.297719955444
1 0 0 0  0.299395442009
1 0 0 0  0.301062464714
1 0 0 0  0.302760362625
1 0 0 0  0.304449677467
1 0 0 0  0.30613052845
1 0 0 0  0.307803034782
1 0 0 0  0.309467077255
1 0 0 0  0.311161994934
1 0 0 0  0.312848329544
1 0 0 0  0.314526319504
1 0 0 0  0.316195845604
1 0 0 0  0.317896127701
1 0 0 0  0.319587826729
1 0 0 0  0.321271181107
1 0 0 0  0.322946071625
1 0 0 0  0.324612617493
1 0 0 0  0.326309800148
1 0 0 0  0.327998638153
1 0 0 0  0.329678893089
1 0 0 0  0.331350803375
1 0 0 0  0.333053469658
1 0 0 0  0.334747552872
1 0 0 0  0.336433172226
1 0 0 0  0.33811044693
1 0 0 0  0.339818358421
1 0 0 0  0.341517686844
1 0 0 0  0.343208551407
1 0 0 0  0.34489095211
1 0 0 0  0.346564888954
1 0 0 0  0.348269581795
1 0 0 0  0.349965691566
1 0 0 0  0.351653337479
1 0 0 0  0.353332638741
1 0 0 0  0.355042457581
1 0 0 0  0.356743812561
1 0 0 0  0.358436703682
1 0 0 0  0.360121130943
1 0 0 0  0.361797094345
1 0 0 0  0.363503694534
1 0 0 0  0.365201830864
1 0 0 0  0.366891384125
1 0 0 0  0.368572592735
1 0 0 0  0.370284438133
1 0 0 0  0.371987700462
1 0 0 0  0.373682379723
1 0 0 0  0.375368714333
1 0 0 0  0.377046465874
1 0 0 0  0.378755092621
1 0 0 0  0.38045501709
1 0 0 0  0.382146477699
1 0 0 0  0.383829474449
1 0 0 0  0.385543227196
1 0 0 0  0.387248277664
1 0 0 0  0.388944864273
1 0 0 0  0.390632867813
1 0 0 0  0.392312526703
1 0 0 0  0.394022941589
1 0 0 0  0.395724654198
1 0 0 0  0.397417902946
1 0 0 0  0.399102687836
