1 0 0 0 0
0 0 0 0 0
1 1  0 429496729  0
1 1  1 644245094  0
1 1  2 858993459  0
1 1  3 1073741824  0
1 1  4 1288490188  0
1 1  5 1503238553  0
1 1  6 1717986918  0
1 1  7 1932735283  0
1 1  8 2147483648  0
1 1  9 2362232012  0
1 1  10 2576980377  0
1 1  11 2791728742  0
1 1  12 3006477107  0
1 1  13 3221225472  0
1 1  14 3435973836  0
1 1  15 3865470566  0
1 1  16 3865470566  0
1 1  17 3435973836  0
1 1  18 3221225472  0
1 1  19 3006477107  0
1 1  20 2791728742  0
1 1  21 2576980377  0
1 1  22 2362232012  0
1 1  23 2147483648  0
1 1  24 1932735283  0
1 1  25 1717986918  0
1 1  26 1503238553  0
1 1  27 1288490188  0
1 1  28 1073741824  0
1 1  29 858993459  0
1 1  30 644245094  0
1 1  31 429496729  0
1 0 0 0  -10737665
1 0 0 0  -21421312
1 0 0 0  -32051712
1 0 0 0  -42628864
1 0 0 0  -53153025
1 0 0 0  -63540736
1 0 0 0  -73876736
1 0 0 0  -84160769
1 0 0 0  -94393600
1 0 0 0  -104491264
1 0 0 0  -114538496
1 0 0 0  -124535297
1 0 0 0  -134482177
1 0 0 0  -144379649
1 0 0 0  -154143489
1 0 0 0  -163858433
1 0 0 0  -173524993
1 0 0 0  -183143169
1 0 0 0  -192629249
1 0 0 0  -202067969
1 0 0 0  -211459584
1 0 0 0  -220804097
1 0 0 0  -230102016
1 0 0 0  -239269376
1 0 0 0  -248390912
1 0 0 0  -257467137
1 0 0 0  -266497792
1 0 0 0  -275399425
1 0 0 0  -284256513
1 0 0 0  -293069312
1 0 0 0  -301838080
1 0 0 0  -310562817
1 0 0 0  -319160320
1 0 0 0  -327714817
1 0 0 0  -336226304
1 0 0 0  -344695553
1 0 0 0  -353038336
1 0 0 0  -361339393
1 0 0 0  -369598976
1 0 0 0  -377817345
1 0 0 0  -385994753
1 0 0 0  -394047232
1 0 0 0  -402059264
1 0 0 0  -410031360
1 0 0 0  -417963777
1 0 0 0  -425772544
1 0 0 0  -433542144
1 0 0 0  -441273088
1 0 0 0  -448965121
1 0 0 0  -456619009
1 0 0 0  -464150529
1 0 0 0  -471644417
1 0 0 0  -479100928
1 0 0 0  -486520065
1 0 0 0  -493818369
1 0 0 0  -501080064
1 0 0 0  -508305409
1 0 0 0  -515494656
1 0 0 0  -522647808
1 0 0 0  -529681664
1 0 0 0  -536680193
1 0 0 0  -543643648
1 0 0 0  -550572288
1 0 0 0  -557382400
1 0 0 0  -564158465
1 0 0 0  -570900737
1 0 0 0  -577609216
1 0 0 0  -584284160
1 0 0 0  -590841857
1 0 0 0  -597366784
1 0 0 0  -603859201
1 0 0 0  -610318848
1 0 0 0  -616662529
1 0 0 0  -622974465
1 0 0 0  -629254912
1 0 0 0  -635503873
1 0 0 0  -641721600
1 0 0 0  -647824384
1 0 0 0  -653896705
1 0 0 0  -659938561
1 0 0 0  -665950209
1 0 0 0  -671847937
1 0 0 0  -677715969
1 0 0 0  -683555072
1 0 0 0  -689364737
1 0 0 0  -695145216
1 0 0 0  -700813057
1 0 0 0  -706452736
1 0 0 0  -712064000
1 0 0 0  -717647361
1 0 0 0  -723118593
1 0 0 0  -728562944
1 0 0 0  -733979648
1 0 0 0  -739369472
1 0 0 0  -744732417
1 0 0 0  -749984513
1 0 0 0  -755210496
1 0 0 0  -760410112
1 0 0 0  -765583872
1 0 0 0  -770647808
1 0 0 0  -775686657
1 0 0 0  -780700160
1 0 0 0  -785688577
1 0 0 0  -790651904
1 0 0 0  -795506688
1 0 0 0  -800337408
1 0 0 0  -805143553
1 0 0 0  -809925889
1 0 0 0  -814600448
1 0 0 0  -819251712
1 0 0 0  -823879425
1 0 0 0  -828484352
1 0 0 0  -833065985
1 0 0 0  -837540864
1 0 0 0  -841993473
1 0 0 0  -846423809
1 0 0 0  -850831873
1 0 0 0  -855134208
1 0 0 0  -859414785
1 0 0 0  -863674113
1 0 0 0  -867912193
1 0 0 0  -872129024
1 0 0 0  -876240897
1 0 0 0  -880332288
1 0 0 0  -884402944
1 0 0 0  -888453377
1 0 0 0  -892399873
1 0 0 0  -896326401
1 0 0 0  -900233473
1 0 0 0  -904120832
1 0 0 0  -907905025
1 0 0 0  -911670273
1 0 0 0  -915416577
1 0 0 0  -919144193
1 0 0 0  -922853121
1 0 0 0  -926459648
1 0 0 0  -930048257
1 0 0 0  -933618944
1 0 0 0  -937171713
1 0 0 0  -940622592
1 0 0 0  -944056577
1 0 0 0  -947473152
1 0 0 0  -950872833
1 0 0 0  -954255360
1 0 0 0  -957537280
1 0 0 0  -960802560
1 0 0 0  -964051713
1 0 0 0  -967284480
1 0 0 0  -970417152
1 0 0 0  -973534208
1 0 0 0  -976635648
1 0 0 0  -979721729
1 0 0 0  -982792448
1 0 0 0  -985763585
1 0 0 0  -988720129
1 0 0 0  -991661825
1 0 0 0  -994588928
1 0 0 0  -997417216
1 0 0 0  -1000231681
1 0 0 0  -1003031808
1 0 0 0  -1005818113
1 0 0 0  -1008590336
1 0 0 0  -1011265025
1 0 0 0  -1013926144
1 0 0 0  -1016573953
1 0 0 0  -1019208705
1 0 0 0  -1021746177
1 0 0 0  -1024271104
1 0 0 0  -1026783489
1 0 0 0  -1029283072
1 0 0 0  -1031770369
1 0 0 0  -1034161408
1 0 0 0  -1036540160
1 0 0 0  -1038907392
1 0 0 0  -1041262592
1 0 0 0  -1043522048
1 0 0 0  -1045770240
1 0 0 0  -1048007425
1 0 0 0  -1050233088
1 0 0 0  -1052447744
1 0 0 0  -1054567680
1 0 0 0  -1056676608
1 0 0 0  -1058775297
1 0 0 0  -1060863488
1 0 0 0  -1062857217
1 0 0 0  -1064840961
1 0 0 0  -1066814977
1 0 0 0  -1068779009
1 0 0 0  -1070733057
1 0 0 0  -1072593665
1 0 0 0  -1074444800
1 0 0 0  -1076286720
1 0 0 0  -1078119681
1 0 0 0  -1079859200
1 0 0 0  -1081590273
1 0 0 0  -1083312641
1 0 0 0  -1085026560
1 0 0 0  -1086731520
1 0 0 0  -1088344320
1 0 0 0  -1089949184
1 0 0 0  -1091545856
1 0 0 0  -1093134592
1 0 0 0  -1094631425
1 0 0 0  -1096120832
1 0 0 0  -1097602817
1 0 0 0  -1099077376
1 0 0 0  -1100544513
1 0 0 0  -1101920257
1 0 0 0  -1103289344
1 0 0 0  -1104651521
1 0 0 0  -1106007040
1 0 0 0  -1107271680
1 0 0 0  -1108530177
1 0 0 0  -1109782273
1 0 0 0  -1111028224
1 0 0 0  -1112267776
1 0 0 0  -1113417216
1 0 0 0  -1114561024
1 0 0 0  -1115699201
1 0 0 0  -1116831488
1 0 0 0  -1117874433
1 0 0 0  -1118912000
1 0 0 0  -1119944448
1 0 0 0  -1120971777
1 0 0 0  -1121993984
1 0 0 0  -1122927105
1 0 0 0  -1123855616
1 0 0 0  -1124779520
1 0 0 0  -1125698560
1 0 0 0  -1126529281
1 0 0 0  -1127355904
1 0 0 0  -1128178433
1 0 0 0  -1128996608
1 0 0 0  -1129810944
1 0 0 0  -1130537217
1 0 0 0  -1131259905
1 0 0 0  -1131979009
1 0 0 0  -1132694528
1 0 0 0  -1133322496
1 0 0 0  -1133947136
1 0 0 0  -1134568961
1 0 0 0  -1135187457
1 0 0 0  -1135803136
1 0 0 0  -1136331520
1 0 0 0  -1136857601
1 0 0 0  -1137380865
1 0 0 0  -1137901568
1 0 0 0  -1138335744
1 0 0 0  -1138767616
1 0 0 0  -1139197440
1 0 0 0  -1139625216
1 0 0 0  -1140050689
1 0 0 0  -1140390401
1 0 0 0  -1140728064
1 0 0 0  -1141064449
1 0 0 0  -1141398784
1 0 0 0  -1141647617
1 0 0 0  -1141895425
1 0 0 0  -1142141952
1 0 0 0  -1142386944
1 0 0 0  -1142547200
1 0 0 0  -1142706433
1 0 0 0  -1142864897
1 0 0 0  -1143022593
1 0 0 0  -1143179520
1 0 0 0  -1143251713
1 0 0 0  -1143323649
1 0 0 0  -1143395072
1 0 0 0  -1143466240
1 0 0 0  -1143453184
1 0 0 0  -1143440128
1 0 0 0  -1143427329
1 0 0 0  -1143414528
1 0 0 0  -1143401729
1 0 0 0  -1143304960
1 0 0 0  -1143208704
1 0 0 0  -1143113217
1 0 0 0  -1143017985
1 0 0 0  -1142839296
1 0 0 0  -1142661632
1 0 0 0  -1142484737
1 0 0 0  -1142308864
1 0 0 0  -1142133761
1 0 0 0  -1141875712
1 0 0 0  -1141618945
1 0 0 0  -1141363456
1 0 0 0  -1141109248
1 0 0 0  -1140772352
1 0 0 0  -1140437248
1 0 0 0  -1140103681
1 0 0 0  -1139771904
1 0 0 0  -1139441664
1 0 0 0  -1139029505
1 0 0 0  -1138619137
1 0 0 0  -1138210816
1 0 0 0  -1137804544
1 0 0 0  -1137316608
1 0 0 0  -1136830720
1 0 0 0  -1136347649
1 0 0 0  -1135866880
1 0 0 0  -1135388416
1 0 0 0  -1134828544
1 0 0 0  -1134271489
1 0 0 0  -1133717248
1 0 0 0  -1133165569
1 0 0 0  -1132532993
1 0 0 0  -1131903488
1 0 0 0  -1131277056
1 0 0 0  -1130653953
1 0 0 0  -1130033664
1 0 0 0  -1129332993
1 0 0 0  -1128635393
1 0 0 0  -1127941632
1 0 0 0  -1127251201
1 0 0 0  -1126480384
1 0 0 0  -1125713408
1 0 0 0  -1124950017
1 0 0 0  -1124190720
1 0 0 0  -1123435265
1 0 0 0  -1122599425
1 0 0 0  -1121767937
1 0 0 0  -1120940800
1 0 0 0  -1120117505
1 0 0 0  -1119214592
1 0 0 0  -1118316033
1 0 0 0  -1117422081
1 0 0 0  -1116532736
1 0 0 0  -1115647489
1 0 0 0  -1114683137
1 0 0 0  -1113723393
1 0 0 0  -1112768513
1 0 0 0  -1111818497
1 0 0 0  -1110789121
1 0 0 0  -1109765121
1 0 0 0  -1108746241
1 0 0 0  -1107732224
1 0 0 0  -1106723328
1 0 0 0  -1105635841
1 0 0 0  -1104553473
1 0 0 0  -1103476736
1 0 0 0  -1102405376
1 0 0 0  -1101255424
1 0 0 0  -1100111104
1 0 0 0  -1098972673
1 0 0 0  -1097839873
1 0 0 0  -1096712705
1 0 0 0  -1095507457
1 0 0 0  -1094308096
1 0 0 0  -1093114624
1 0 0 0  -1091927297
1 0 0 0  -1090661888
1 0 0 0  -1089402881
1 0 0 0  -1088150273
1 0 0 0  -1086903809
1 0 0 0  -1085663745
1 0 0 0  -1084345856
1 0 0 0  -1083034369
1 0 0 0  -1081729792
1 0 0 0  -1080431360
1 0 0 0  -1079055872
1 0 0 0  -1077687040
1 0 0 0  -1076325121
1 0 0 0  -1074970113
1 0 0 0  -1073621761
1 0 0 0  -1072196353
1 0 0 0  -1070777856
1 0 0 0  -1069366784
1 0 0 0  -1067962624
1 0 0 0  -1066481408
1 0 0 0  -1065007872
1 0 0 0  -1063541504
1 0 0 0  -1062082560
1 0 0 0  -1060631040
1 0 0 0  -1059102720
1 0 0 0  -1057582080
1 0 0 0  -1056068865
1 0 0 0  -1054563584
1 0 0 0  -1052981761
1 0 0 0  -1051407873
1 0 0 0  -1049841664
1 0 0 0  -1048283392
1 0 0 0  -1046733057
1 0 0 0  -1045106432
1 0 0 0  -1043488000
1 0 0 0  -1041877761
1 0 0 0  -1040275456
1 0 0 0  -1038597376
1 0 0 0  -1036927488
1 0 0 0  -1035266049
1 0 0 0  -1033613056
1 0 0 0  -1031968257
1 0 0 0  -1030247681
1 0 0 0  -1028535809
1 0 0 0  -1026832385
1 0 0 0  -1025137408
1 0 0 0  -1023367168
1 0 0 0  -1021605888
1 0 0 0  -1019853312
1 0 0 0  -1018109441
1 0 0 0  -1016290560
1 0 0 0  -1014480640
1 0 0 0  -1012679680
1 0 0 0  -1010887937
1 0 0 0  -1009105153
1 0 0 0  -1007247104
1 0 0 0  -1005398528
1 0 0 0  -1003559169
1 0 0 0  -1001729281
1 0 0 0  -999824384
1 0 0 0  -997928960
1 0 0 0  -996043009
1 0 0 0  -994166784
1 0 0 0  -992299521
1 0 0 0  -990358017
1 0 0 0  -988426240
1 0 0 0  -986503937
1 0 0 0  -984591361
1 0 0 0  -982604289
1 0 0 0  -980627456
1 0 0 0  -978660097
1 0 0 0  -976702977
1 0 0 0  -974755329
1 0 0 0  -972733696
1 0 0 0  -970722305
1 0 0 0  -968720640
1 0 0 0  -966729217
1 0 0 0  -964663809
1 0 0 0  -962608897
1 0 0 0  -960563968
1 0 0 0  -958529536
1 0 0 0  -956505088
1 0 0 0  -954406912
1 0 0 0  -952319233
1 0 0 0  -950242049
1 0 0 0  -948175105
1 0 0 0  -946034688
1 0 0 0  -943905025
1 0 0 0  -941785856
1 0 0 0  -939677441
1 0 0 0  -937579520
1 0 0 0  -935408129
1 0 0 0  -933247744
1 0 0 0  -931098113
1 0 0 0  -928959233
1 0 0 0  -926747137
1 0 0 0  -924546049
1 0 0 0  -922355969
1 0 0 0  -920176897
1 0 0 0  -918008832
1 0 0 0  -915767552
1 0 0 0  -913537536
1 0 0 0  -911318528
1 0 0 0  -909110784
1 0 0 0  -906830080
1 0 0 0  -904560896
1 0 0 0  -902302976
1 0 0 0  -900056576
1 0 0 0  -897821185
1 0 0 0  -895513089
1 0 0 0  -893216513
1 0 0 0  -890931456
1 0 0 0  -888657921
1 0 0 0  -886311680
1 0 0 0  -883977472
1 0 0 0  -881654528
1 0 0 0  -879343616
1 0 0 0  -877043969
1 0 0 0  -874671872
1 0 0 0  -872311808
1 0 0 0  -869963520
1 0 0 0  -867627008
1 0 0 0  -865218305
1 0 0 0  -862821632
1 0 0 0  -860436736
1 0 0 0  -858064129
1 0 0 0  -855703041
1 0 0 0  -853270016
1 0 0 0  -850849280
1 0 0 0  -848440577
1 0 0 0  -846043649
1 0 0 0  -843575041
1 0 0 0  -841118976
1 0 0 0  -838674944
1 0 0 0  -836243200
1 0 0 0  -833823488
1 0 0 0  -831332096
1 0 0 0  -828853249
1 0 0 0  -826386688
1 0 0 0  -823932417
1 0 0 0  -821406721
1 0 0 0  -818893312
1 0 0 0  -816392704
1 0 0 0  -813904640
1 0 0 0  -811428864
1 0 0 0  -808881664
1 0 0 0  -806347264
1 0 0 0  -803825409
1 0 0 0  -801316353
1 0 0 0  -798735873
1 0 0 0  -796168192
1 0 0 0  -793613313
1 0 0 0  -791071489
1 0 0 0  -788542208
1 0 0 0  -785941505
1 0 0 0  -783354113
1 0 0 0  -780779521
1 0 0 0  -778217728
1 0 0 0  -775585025
1 0 0 0  -772965377
1 0 0 0  -770358785
1 0 0 0  -767765249
1 0 0 0  -765184769
1 0 0 0  -762533121
1 0 0 0  -759895040
1 0 0 0  -757270016
1 0 0 0  -754658049
1 0 0 0  -751975168
1 0 0 0  -749305857
1 0 0 0  -746649856
1 0 0 0  -744007168
1 0 0 0  -741377537
1 0 0 0  -738677248
1 0 0 0  -735990529
1 0 0 0  -733317376
1 0 0 0  -730657280
1 0 0 0  -727926785
1 0 0 0  -725209856
1 0 0 0  -722506497
1 0 0 0  -719816705
1 0 0 0  -717056512
1 0 0 0  -714310145
1 0 0 0  -711577344
1 0 0 0  -708858368
1 0 0 0  -706152961
1 0 0 0  -703377152
1 0 0 0  -700615425
1 0 0 0  -697867265
1 0 0 0  -695132928
1 0 0 0  -692328193
1 0 0 0  -689537792
1 0 0 0  -686761216
1 0 0 0  -683998464
1 0 0 0  -681249536
1 0 0 0  -678430465
1 0 0 0  -675625473
1 0 0 0  -672834560
1 0 0 0  -670057728
1 0 0 0  -667210753
1 0 0 0  -664377857
1 0 0 0  -661559297
1 0 0 0  -658754817
1 0 0 0  -655964416
1 0 0 0  -653104129
1 0 0 0  -650257921
1 0 0 0  -647426048
1 0 0 0  -644608257
1 0 0 0  -641720832
1 0 0 0  -638847744
1 0 0 0  -635988992
1 0 0 0  -633144832
1 0 0 0  -630314497
1 0 0 0  -627414529
1 0 0 0  -624529153
1 0 0 0  -621658113
1 0 0 0  -618801664
1 0 0 0  -615875328
1 0 0 0  -612963840
1 0 0 0  -610066689
1 0 0 0  -607184128
1 0 0 0  -604315904
1 0 0 0  -601378305
1 0 0 0  -598455296
1 0 0 0  -595546881
1 0 0 0  -592653057
1 0 0 0  -589689856
1 0 0 0  -586741248
1 0 0 0  -583807744
1 0 0 0  -580888577
1 0 0 0  -577984257
1 0 0 0  -575010304
1 0 0 0  -572051457
1 0 0 0  -569107200
1 0 0 0  -566177792
1 0 0 0  -563179264
1 0 0 0  -560195585
1 0 0 0  -557226752
1 0 0 0  -554272769
1 0 0 0  -551333632
1 0 0 0  -548325376
1 0 0 0  -545332224
1 0 0 0  -542353921
1 0 0 0  -539390465
1 0 0 0  -536357888
1 0 0 0  -533340673
1 0 0 0  -530338304
1 0 0 0  -527351040
1 0 0 0  -524378881
1 0 0 0  -521337345
1 0 0 0  -518311424
1 0 0 0  -515300352
1 0 0 0  -512304384
1 0 0 0  -509239552
1 0 0 0  -506190081
1 0 0 0  -503155712
1 0 0 0  -500136705
1 0 0 0  -497132801
1 0 0 0  -494059776
1 0 0 0  -491002368
1 0 0 0  -487960065
1 0 0 0  -484933120
1 0 0 0  -481837313
1 0 0 0  -478757121
1 0 0 0  -475692289
1 0 0 0  -472642560
1 0 0 0  -469608449
1 0 0 0  -466505473
1 0 0 0  -463417857
1 0 0 0  -460345856
1 0 0 0  -457288960
1 0 0 0  -454163712
1 0 0 0  -451054080
1 0 0 0  -447960064
1 0 0 0  -444881409
1 0 0 0  -441818113
1 0 0 0  -438686209
1 0 0 0  -435569920
1 0 0 0  -432469504
1 0 0 0  -429384448
1 0 0 0  -426230785
1 0 0 0  -423092992
1 0 0 0  -419970817
1 0 0 0  -416864513
1 0 0 0  -413773568
1 0 0 0  -410614017
1 0 0 0  -407470593
1 0 0 0  -404342529
1 0 0 0  -401230337
1 0 0 0  -398049793
1 0 0 0  -394885120
1 0 0 0  -391736320
1 0 0 0  -388603136
1 0 0 0  -385485825
1 0 0 0  -382300161
1 0 0 0  -379130369
1 0 0 0  -375976448
1 0 0 0  -372838144
1 0 0 0  -369631745
1 0 0 0  -366441473
1 0 0 0  -363267072
1 0 0 0  -360108545
1 0 0 0  -356965888
1 0 0 0  -353754881
1 0 0 0  -350560257
1 0 0 0  -347381248
1 0 0 0  -344218368
1 0 0 0  -340987393
1 0 0 0  -337772288
1 0 0 0  -334573568
1 0 0 0  -331390721
1 0 0 0  -328223745
1 0 0 0  -324988928
1 0 0 0  -321770240
1 0 0 0  -318567424
1 0 0 0  -315380736
1 0 0 0  -312126208
1 0 0 0  -308887809
1 0 0 0  -305665536
1 0 0 0  -302459649
1 0 0 0  -299185665
1 0 0 0  -295928064
1 0 0 0  -292686849
1 0 0 0  -289461761
1 0 0 0  -286253056
1 0 0 0  -282976256
1 0 0 0  -279715841
1 0 0 0  -276471808
1 0 0 0  -273243904
1 0 0 0  -269948416
1 0 0 0  -266669057
1 0 0 0  -263406337
1 0 0 0  -260160000
1 0 0 0  -256929793
1 0 0 0  -253632001
1 0 0 0  -250350593
1 0 0 0  -247085569
1 0 0 0  -243836929
1 0 0 0  -240520448
1 0 0 0  -237220609
1 0 0 0  -233937409
1 0 0 0  -230670592
1 0 0 0  -227420160
1 0 0 0  -224101889
1 0 0 0  -220800513
1 0 0 0  -217515265
1 0 0 0  -214246657
1 0 0 0  -210910720
1 0 0 0  -207591169
1 0 0 0  -204288257
1 0 0 0  -201001984
1 0 0 0  -197731840
1 0 0 0  -194394368
1 0 0 0  -191073792
1 0 0 0  -187769601
1 0 0 0  -184481792
1 0 0 0  -181126657
1 0 0 0  -177788417
1 0 0 0  -174466817
1 0 0 0  -171161856
1 0 0 0  -167873281
1 0 0 0  -164517377
1 0 0 0  -161178113
1 0 0 0  -157855744
1 0 0 0  -154549760
1 0 0 0  -151176705
1 0 0 0  -147820289
1 0 0 0  -144480768
1 0 0 0  -141157889
1 0 0 0  -137851648
1 0 0 0  -134477824
1 0 0 0  -131121153
1 0 0 0  -127781120
1 0 0 0  -124457984
1 0 0 0  -121067521
1 0 0 0  -117693953
1 0 0 0  -114337280
1 0 0 0  -110997249
1 0 0 0  -107674113
1 0 0 0  -104283392
1 0 0 0  -100910081
1 0 0 0  -97553408
1 0 0 0  -94213377
1 0 0 0  -90806272
1 0 0 0  -87416321
1 0 0 0  -84043265
1 0 0 0  -80686849
1 0 0 0  -77347585
1 0 0 0  -73940992
1 0 0 0  -70551297
1 0 0 0  -67178496
1 0 0 0  -63822849
1 0 0 0  -60399873
1 0 0 0  -56994049
1 0 0 0  -53605377
1 0 0 0  -50233601
1 0 0 0  -46878721
1 0 0 0  -43456512
1 0 0 0  -40051712
1 0 0 0  -36663809
1 0 0 0  -33292800
1 0 0 0  -29854720
1 0 0 0  -26433792
1 0 0 0  -23030016
1 0 0 0  -19643393
1 0 0 0  -16273664
1 0 0 0  -12836865
1 0 0 0  -9417217
1 0 0 0  -6014721
1 0 0 0  -2629120
1 0 0 0  823295
1 0 0 0  4258560
1 0 0 0  7676672
1 0 0 0  11077632
1 0 0 0  14461439
1 0 0 0  17912319
1 0 0 0  21346047
1 0 0 0  24762623
1 0 0 0  28161792
1 0 0 0  31628287
1 0 0 0  35077119
1 0 0 0  38508800
1 0 0 0  41923328
1 0 0 0  45320960
1 0 0 0  48785408
1 0 0 0  52232448
1 0 0 0  55662080
1 0 0 0  59074815
1 0 0 0  62554368
1 0 0 0  66016511
1 0 0 0  69461247
1 0 0 0  72888831
1 0 0 0  76299263
1 0 0 0  79776511
1 0 0 0  83236351
1 0 0 0  86679039
1 0 0 0  90104320
1 0 0 0  93596416
1 0 0 0  97071103
1 0 0 0  100528383
1 0 0 0  103968511
1 0 0 0  107391232
1 0 0 0  110880768
1 0 0 0  114352895
1 0 0 0  117807615
1 0 0 0  121245183
1 0 0 0  124749311
1 0 0 0  128236031
1 0 0 0  131705343
1 0 0 0  135157248
1 0 0 0  138591743
1 0 0 0  142093056
1 0 0 0  145576960
1 0 0 0  149043456
1 0 0 0  152492544
1 0 0 0  156008191
1 0 0 0  159506432
1 0 0 0  162987008
1 0 0 0  166450176
1 0 0 0  169896191
1 0 0 0  173408768
1 0 0 0  176903935
1 0 0 0  180381439
1 0 0 0  183841536
1 0 0 0  187368192
1 0 0 0  190877440
1 0 0 0  194369024
1 0 0 0  197843199
1 0 0 0  201383679
1 0 0 0  204906752
1 0 0 0  208411904
1 0 0 0  211899904
1 0 0 0  215370240
1 0 0 0  218907135
1 0 0 0  222426111
1 0 0 0  225927936
1 0 0 0  229411839
1 0 0 0  232962559
1 0 0 0  236495359
1 0 0 0  240010496
1 0 0 0  243507968
1 0 0 0  246988031
1 0 0 0  250534656
1 0 0 0  254063360
1 0 0 0  257574655
1 0 0 0  261068288
1 0 0 0  264628224
1 0 0 0  268170496
1 0 0 0  271695103
1 0 0 0  275202047
1 0 0 0  278691327
1 0 0 0  282247168
1 0 0 0  285785343
1 0 0 0  289305600
1 0 0 0  292808447
1 0 0 0  296377599
1 0 0 0  299928832
1 0 0 0  303462399
1 0 0 0  306978048
1 0 0 0  310476544
1 0 0 0  314041087
1 0 0 0  317587967
1 0 0 0  321116928
1 0 0 0  324628480
1 0 0 0  328206335
1 0 0 0  331766272
1 0 0 0  335308287
1 0 0 0  338832640
1 0 0 0  342339584
1 0 0 0  345912575
1 0 0 0  349467903
1 0 0 0  353005311
1 0 0 0  356525056
1 0 0 0  360111360
1 0 0 0  363679488
1 0 0 0  367229696
1 0 0 0  370762240
1 0 0 0  374277119
1 0 0 0  377858303
1 0 0 0  381421567
1 0 0 0  384967168
1 0 0 0  388494847
1 0 0 0  392088832
1 0 0 0  395664896
1 0 0 0  399223039
1 0 0 0  402763519
1 0 0 0  406286079
1 0 0 0  409875199
1 0 0 0  413446144
1 0 0 0  416999167
1 0 0 0  420534528
1 0 0 0  424136191
1 0 0 0  427719679
1 0 0 0  431285503
1 0 0 0  434833152
1 0 0 0  438363391
1 0 0 0  441959680
1 0 0 0  445538047
1 0 0 0  449098496
1 0 0 0  452641023
1 0 0 0  456249856
1 0 0 0  459840767
1 0 0 0  463413503
1 0 0 0  466968319
1 0 0 0  470505727
1 0 0 0  474108927
1 0 0 0  477694464
1 0 0 0  481261824
1 0 0 0  484811520
1 0 0 0  488427264
1 0 0 0  492024831
1 0 0 0  495604480
1 0 0 0  499166208
1 0 0 0  502710272
1 0 0 0  506320384
1 0 0 0  509912320
1 0 0 0  513486592
1 0 0 0  517042688
1 0 0 0  520665087
1 0 0 0  524269312
1 0 0 0  527855616
1 0 0 0  531423999
1 0 0 0  534974464
1 0 0 0  538590976
1 0 0 0  542189567
1 0 0 0  545769983
1 0 0 0  549332480
1 0 0 0  552961279
1 0 0 0  556571648
1 0 0 0  560164352
1 0 0 0  563738879
1 0 0 0  567295487
1 0 0 0  570918143
1 0 0 0  574522880
1 0 0 0  578109439
1 0 0 0  581678079
1 0 0 0  585312767
1 0 0 0  588929280
1 0 0 0  592527871
1 0 0 0  596108288
1 0 0 0  599670783
1 0 0 0  603299584
1 0 0 0  606909951
1 0 0 0  610502399
1 0 0 0  614076928
1 0 0 0  617717504
1 0 0 0  621339648
1 0 0 0  624943872
1 0 0 0  628530176
1 0 0 0  632098304
1 0 0 0  635732735
1 0 0 0  639348736
1 0 0 0  642946815
1 0 0 0  646526719
1 0 0 0  650172927
1 0 0 0  653800703
1 0 0 0  657410303
1 0 0 0  661001984
1 0 0 0  664575488
1 0 0 0  668215295
1 0 0 0  671836671
1 0 0 0  675440127
1 0 0 0  679025408
1 0 0 0  682676736
1 0 0 0  686309632
1 0 0 0  689924607
1 0 0 0  693521408
1 0 0 0  697100288
1 0 0 0  700744959
1 0 0 0  704371711
1 0 0 0  707980031
1 0 0 0  711570431
1 0 0 0  715226880
1 0 0 0  718864895
1 0 0 0  722484735
1 0 0 0  726086656
1 0 0 0  729754368
1 0 0 0  733403647
1 0 0 0  737034751
1 0 0 0  740647680
1 0 0 0  744242432
1 0 0 0  747903232
1 0 0 0  751545599
1 0 0 0  755169792
1 0 0 0  758776064
1 0 0 0  762447871
1 0 0 0  766101503
1 0 0 0  769736960
1 0 0 0  773354239
1 0 0 0  776953344
1 0 0 0  780618240
1 0 0 0  784264960
1 0 0 0  787893248
1 0 0 0  791503616
1 0 0 0  795179776
1 0 0 0  798837503
1 0 0 0  802476799
1 0 0 0  806098176
1 0 0 0  809701119
1 0 0 0  813370368
1 0 0 0  817020928
1 0 0 0  820653312
1 0 0 0  824267520
1 0 0 0  827947776
1 0 0 0  831609344
1 0 0 0  835252735
1 0 0 0  838877695
1 0 0 0  842484736
1 0 0 0  846157823
1 0 0 0  849812224
1 0 0 0  853448447
1 0 0 0  857066495