1 0 0 0 0 
0 0 0 0 0 
1 0 0 0 0 
1 1 0 54827 0 
1 1 1 82241 0 
1 1 2 109655 0 
1 1 3 137068 0 
1 1 4 164482 0 
1 1 5 191896 0 
1 1 6 219310 0 
1 1 7 246723 0 
1 1 8 274137 0 
1 1 9 301551 0 
1 1 10 328965 0 
1 1 11 356378 0 
1 1 12 383792 0 
1 1 13 411206 0 
1 1 14 438620 0 
1 1 15 493447 0 
1 1 16 493447 0 
1 1 17 438620 0 
1 1 18 411206 0 
1 1 19 383792 0 
1 1 20 356378 0 
1 1 21 328965 0 
1 1 22 301551 0 
1 1 23 274137 0 
1 1 24 246723 0 
1 1 25 219310 0 
1 1 26 191896 0 
1 1 27 164482 0 
1 1 28 137068 0 
1 1 29 109655 0 
1 1 30 82241 0 
1 1 31 54827 0 
1 1 32 1 0 
1 0 0 0 0 
1 0 0 0 0 
1 0 0 0 0 
1 0 0 0 0 
1 0 0 0 0 
1 0 0 0 0 
1 0 0 0 0 
1 0 0 0 0 
1 0 0 0 0 
1 0 0 0 0 
1 0 0 0 0 
1 0 0 0 0 
1 0 0 0 0 
1 0 0 0 0 
1 0 0 0 0 
1 0 0 0 0 
1 0 0 0 0 
1 0 0 0 0 
1 0 0 0 0 
1 0 0 0 0 
1 0 0 0 0 
1 0 0 0 0 
1 0 0 0 0 
1 0 0 0 0 
1 0 0 0 0 
1 0 0 0 0 
1 0 0 0 0 
1 0 0 0 0 
1 0 0 0 0 
1 0 0 0 0 
1 0 0 0 0 
1 0 0 0 0 
1 0 0 0 0 
1 0 0 0 0 
1 0 0 0 0 
1 0 0 0 0 
1 0 0 0 0 
1 0 0 0 0 
1 0 0 0 0 
1 0 0 0 0 
1 0 0 0 0 
1 0 0 0 0 
1 0 0 0 0 
1 0 0 0 0 
1 0 0 0 0 
1 0 0 0 0 
1 0 0 0 0 
1 0 0 0 0 
1 0 0 0 0 
1 0 0 0 0 
1 0 0 0 0 
1 0 0 0 0 
1 0 0 0 0 
1 0 0 0 0 
1 0 0 0 0 
1 0 0 0 0 
1 0 0 0 0 
1 0 0 0 0 
1 0 0 0 0 
1 0 0 0 0 
1 0 0 0 0 
1 0 0 0 0 
1 0 0 0 0 
1 0 0 0 0 
1 0 0 0 0 
1 0 0 0 0 
1 0 0 0 0 
1 0 0 0 0 
1 0 0 0 0 
1 0 0 0 0 
1 0 0 0 0 
1 0 0 0 0 
1 0 0 0 0 
1 0 0 0 0 
1 0 0 0 0 
1 0 0 0 0 
1 0 0 0 0 
1 0 0 0 0 
1 0 0 0 0 
1 0 0 0 0 
1 0 0 0 0 
1 0 0 0 0 
1 0 0 0 0 
1 0 0 0 0 
1 0 0 0 0 
1 0 0 0 0 
1 0 0 0 0 
1 0 0 0 0 
1 0 0 0 0 
1 0 0 0 0 
1 0 0 0 0 
1 0 0 0 0 
1 0 0 0 0 
1 0 0 0 0 
1 0 0 0 0 
1 0 0 0 0 
1 0 0 0 0 
1 0 0 0 0 
1 0 0 0 0 
1 0 0 0 7549747 
1 0 0 0 7549747 
1 0 0 0 7549747 
1 0 0 0 7549747 
1 0 0 0 7549747 
1 0 0 0 7549747 
1 0 0 0 7549747 
1 0 0 0 7549747 
1 0 0 0 7549747 
1 0 0 0 7549747 
1 0 0 0 7549747 
1 0 0 0 7549747 
1 0 0 0 7549747 
1 0 0 0 7549747 
1 0 0 0 7549747 
1 0 0 0 7549747 
1 0 0 0 7549747 
1 0 0 0 7549747 
1 0 0 0 7549747 
1 0 0 0 7549747 
1 0 0 0 7549747 
1 0 0 0 7549747 
1 0 0 0 7549747 
1 0 0 0 7549747 
1 0 0 0 7549747 
1 0 0 0 7549747 
1 0 0 0 7549747 
1 0 0 0 7549747 
1 0 0 0 7549747 
1 0 0 0 7549747 
1 0 0 0 7549747 
1 0 0 0 7549747 
1 0 0 0 7549747 
1 0 0 0 7549747 
1 0 0 0 7549747 
1 0 0 0 7549747 
1 0 0 0 7549747 
1 0 0 0 7549747 
1 0 0 0 7549747 
1 0 0 0 7549747 
1 0 0 0 7549747 
1 0 0 0 7549747 
1 0 0 0 7549747 
1 0 0 0 7549747 
1 0 0 0 7549747 
1 0 0 0 7549747 
1 0 0 0 7549747 
1 0 0 0 7549747 
1 0 0 0 7549747 
1 0 0 0 7549747 
1 0 0 0 7549747 
1 0 0 0 7549747 
1 0 0 0 7549747 
1 0 0 0 7549747 
1 0 0 0 7549747 
1 0 0 0 7549747 
1 0 0 0 7549747 
1 0 0 0 7549747 
1 0 0 0 7549747 
1 0 0 0 7549747 
1 0 0 0 7549747 
1 0 0 0 7549747 
1 0 0 0 7549747 
1 0 0 0 7549747 
1 0 0 0 7549747 
1 0 0 0 7549747 
1 0 0 0 7549747 
1 0 0 0 7549747 
1 0 0 0 7549747 
1 0 0 0 7549747 
1 0 0 0 7549747 
1 0 0 0 7549747 
1 0 0 0 7549747 
1 0 0 0 7549747 
1 0 0 0 7549747 
1 0 0 0 7549747 
1 0 0 0 7549747 
1 0 0 0 7549747 
1 0 0 0 7549747 
1 0 0 0 7549747 
1 0 0 0 7549747 
1 0 0 0 7549747 
1 0 0 0 7549747 
1 0 0 0 7549747 
1 0 0 0 7549747 
1 0 0 0 7549747 
1 0 0 0 7549747 
1 0 0 0 7549747 
1 0 0 0 7549747 
1 0 0 0 7549747 
1 0 0 0 7549747 
1 0 0 0 7549747 
1 0 0 0 7549747 
1 0 0 0 7549747 
1 0 0 0 7549747 
1 0 0 0 7549747 
1 0 0 0 7549747 
1 0 0 0 7549747 
1 0 0 0 7549747 
1 0 0 0 7549747 
1 0 0 0 7549747 
1 0 0 0 7549747 
1 0 0 0 7549747 
1 0 0 0 7549747 
1 0 0 0 7549747 
1 0 0 0 7549747 
1 0 0 0 7549747 
1 0 0 0 7549747 
1 0 0 0 7549747 
1 0 0 0 7549747 
1 0 0 0 7549747 
1 0 0 0 7549747 
1 0 0 0 7549747 
1 0 0 0 7549747 
1 0 0 0 7549747 
1 0 0 0 7549747 
1 0 0 0 7549747 
1 0 0 0 7549747 
1 0 0 0 7549747 
1 0 0 0 7549747 
1 0 0 0 7549747 
1 0 0 0 7549747 
1 0 0 0 7549747 
1 0 0 0 7549747 
1 0 0 0 7549747 
1 0 0 0 7549747 
1 0 0 0 7549747 
1 0 0 0 7549747 
1 0 0 0 7549747 
1 0 0 0 7549747 
1 0 0 0 7549747 
1 0 0 0 7549747 
1 0 0 0 7549747 
1 0 0 0 7549747 
1 0 0 0 7549747 
1 0 0 0 7549747 
1 0 0 0 7549747 
1 0 0 0 7549747 
1 0 0 0 7549747 
1 0 0 0 7549747 
1 0 0 0 7549747 
1 0 0 0 7549747 
1 0 0 0 7549747 
1 0 0 0 7549747 
1 0 0 0 7549747 
1 0 0 0 7549747 
1 0 0 0 7549747 
1 0 0 0 7549747 
1 0 0 0 7549747 
1 0 0 0 7549747 
1 0 0 0 7549747 
1 0 0 0 7549747 
1 0 0 0 7549747 
1 0 0 0 7549747 
1 0 0 0 7549747 
1 0 0 0 7549747 
1 0 0 0 7549747 
1 0 0 0 7549747 
1 0 0 0 7549747 
1 0 0 0 7549747 
1 0 0 0 7549747 
1 0 0 0 7549747 
1 0 0 0 7549747 
1 0 0 0 7549747 
1 0 0 0 7549747 
1 0 0 0 7549747 
1 0 0 0 7549747 
1 0 0 0 7549747 
1 0 0 0 7549747 
1 0 0 0 7549747 
1 0 0 0 7549747 
1 0 0 0 7549747 
1 0 0 0 7549747 
1 0 0 0 7549747 
1 0 0 0 7549747 
1 0 0 0 7549747 
1 0 0 0 7549747 
1 0 0 0 7549747 
1 0 0 0 7549747 
1 0 0 0 7549747 
1 0 0 0 7549747 
1 0 0 0 7549747 
1 0 0 0 7549747 
1 0 0 0 7549747 
1 0 0 0 7549747 
1 0 0 0 7549747 
1 0 0 0 7549747 
1 0 0 0 7549747 
1 0 0 0 7549747 
1 0 0 0 7549747 
1 0 0 0 7549747 
1 0 0 0 7549747 
1 0 0 0 7549747 
1 0 0 0 7549747 
1 0 0 0 7549747 
1 0 0 0 7549747 
1 0 0 0 7549747 
1 0 0 0 7549747 
1 0 0 0 7549747 
1 0 0 0 7549747 
1 0 0 0 7549747 
1 0 0 0 7549747 
1 0 0 0 7549747 
1 0 0 0 7549747 
1 0 0 0 7549747 
1 0 0 0 7549747 
1 0 0 0 7549747 
1 0 0 0 7549747 
1 0 0 0 7549747 
1 0 0 0 7549747 
1 0 0 0 7549747 
1 0 0 0 7549747 
1 0 0 0 7549747 
1 0 0 0 7549747 
1 0 0 0 7549747 
1 0 0 0 7549747 
1 0 0 0 7549747 
1 0 0 0 7549747 
1 0 0 0 7549747 
1 0 0 0 7549747 
1 0 0 0 7549747 
1 0 0 0 7549747 
1 0 0 0 7549747 
1 0 0 0 7549747 
1 0 0 0 7549747 
1 0 0 0 7549747 
1 0 0 0 7549747 
1 0 0 0 7549747 
1 0 0 0 7549747 
1 0 0 0 7549747 
1 0 0 0 7549747 
1 0 0 0 7549747 
1 0 0 0 7549747 
1 0 0 0 7549747 
1 0 0 0 7549747 
1 0 0 0 7549747 
1 0 0 0 7549747 
1 0 0 0 7549747 
1 0 0 0 7549747 
1 0 0 0 7549747 
1 0 0 0 7549747 
1 0 0 0 7549747 
1 0 0 0 7549747 
1 0 0 0 7549747 
1 0 0 0 7549747 
1 0 0 0 7549747 
1 0 0 0 7549747 
1 0 0 0 7549747 
1 0 0 0 7549747 
1 0 0 0 7549747 
1 0 0 0 7549747 
1 0 0 0 7549747 
1 0 0 0 7549747 
1 0 0 0 7549747 
1 0 0 0 7549747 
1 0 0 0 7549747 
1 0 0 0 7549747 
1 0 0 0 7549747 
1 0 0 0 7549747 
1 0 0 0 7549747 
1 0 0 0 7549747 
1 0 0 0 7549747 
1 0 0 0 7549747 
1 0 0 0 7549747 
1 0 0 0 7549747 
1 0 0 0 7549747 
1 0 0 0 7549747 
1 0 0 0 7549747 
1 0 0 0 7549747 
1 0 0 0 7549747 
1 0 0 0 7549747 
1 0 0 0 7549747 
1 0 0 0 7549747 
1 0 0 0 7549747 
1 0 0 0 7549747 
1 0 0 0 7549747 
1 0 0 0 7549747 
1 0 0 0 7549747 
1 0 0 0 7549747 
1 0 0 0 7549747 
1 0 0 0 7549747 
1 0 0 0 7549747 
1 0 0 0 7549747 
1 0 0 0 7549747 
1 0 0 0 7549747 
1 0 0 0 7549747 
1 0 0 0 7549747 
1 0 0 0 7549747 
1 0 0 0 7549747 
1 0 0 0 7549747 
1 0 0 0 7549747 
1 0 0 0 7549747 
1 0 0 0 7549747 
1 0 0 0 7549747 
1 0 0 0 7549747 
1 0 0 0 7549747 
1 0 0 0 7549747 
1 0 0 0 7549747 
1 0 0 0 7549747 
1 0 0 0 7549747 
1 0 0 0 7549747 
1 0 0 0 7549747 
1 0 0 0 7549747 
1 0 0 0 7549747 
1 0 0 0 7549747 
1 0 0 0 7549747 
1 0 0 0 7549747 
1 0 0 0 7549747 
1 0 0 0 7549747 
1 0 0 0 7549747 
1 0 0 0 7549747 
1 0 0 0 7549747 
1 0 0 0 7549747 
1 0 0 0 7549747 
1 0 0 0 7549747 
1 0 0 0 7549747 
1 0 0 0 7549747 
1 0 0 0 7549747 
1 0 0 0 7549747 
1 0 0 0 7549747 
1 0 0 0 7549747 
1 0 0 0 7549747 
1 0 0 0 7549747 
1 0 0 0 7549747 
1 0 0 0 7549747 
1 0 0 0 7549747 
1 0 0 0 7549747 
1 0 0 0 7549747 
1 0 0 0 7549747 
1 0 0 0 7549747 
1 0 0 0 7549747 
1 0 0 0 7549747 
1 0 0 0 7549747 
1 0 0 0 7549747 
1 0 0 0 7549747 
1 0 0 0 7549747 
1 0 0 0 7549747 
1 0 0 0 7549747 
1 0 0 0 7549747 
1 0 0 0 7549747 
1 0 0 0 7549747 
1 0 0 0 7549747 
1 0 0 0 7549747 
1 0 0 0 7549747 
1 0 0 0 7549747 
1 0 0 0 7549747 
1 0 0 0 7549747 
1 0 0 0 7549747 
1 0 0 0 7549747 
1 0 0 0 7549747 
1 0 0 0 7549747 
1 0 0 0 7549747 
1 0 0 0 7549747 
1 0 0 0 7549747 
1 0 0 0 7549747 
1 0 0 0 7549747 
1 0 0 0 7549747 
1 0 0 0 7549747 
1 0 0 0 7549747 
1 0 0 0 7549747 
1 0 0 0 7549747 
1 0 0 0 7549747 
1 0 0 0 7549747 
1 0 0 0 7549747 
1 0 0 0 7549747 
1 0 0 0 7549747 
1 0 0 0 7549747 
1 0 0 0 7549747 
1 0 0 0 7549747 
1 0 0 0 7549747 
1 0 0 0 7549747 
1 0 0 0 7549747 
1 0 0 0 7549747 
1 0 0 0 7549747 
1 0 0 0 7549747 
1 0 0 0 7549747 
1 0 0 0 7549747 
1 0 0 0 7549747 
1 0 0 0 7549747 
1 0 0 0 7549747 
1 0 0 0 7549747 
1 0 0 0 7549747 
1 0 0 0 7549747 
1 0 0 0 7549747 
1 0 0 0 7549747 
1 0 0 0 7549747 
1 0 0 0 7549747 
1 0 0 0 7549747 
1 0 0 0 7549747 
1 0 0 0 7549747 
1 0 0 0 7549747 
1 0 0 0 7549747 
1 0 0 0 7549747 
1 0 0 0 7549747 
1 0 0 0 7549747 
1 0 0 0 7549747 
1 0 0 0 7549747 
1 0 0 0 7549747 
1 0 0 0 7549747 
1 0 0 0 7549747 
1 0 0 0 7549747 
1 0 0 0 7549747 
1 0 0 0 7549747 
1 0 0 0 7549747 
1 0 0 0 7549747 
1 0 0 0 7549747 
1 0 0 0 7549747 
1 0 0 0 7549747 
1 0 0 0 7549747 
1 0 0 0 7549747 
1 0 0 0 7549747 
1 0 0 0 7549747 
1 0 0 0 7549747 
1 0 0 0 7549747 
1 0 0 0 7549747 
1 0 0 0 7549747 
1 0 0 0 7549747 
1 0 0 0 7549747 
1 0 0 0 7549747 
1 0 0 0 7549747 
1 0 0 0 7549747 
1 0 0 0 7549747 
1 0 0 0 7549747 
1 0 0 0 7549747 
1 0 0 0 7549747 
1 0 0 0 7549747 
1 0 0 0 7549747 
1 0 0 0 7549747 
1 0 0 0 7549747 
1 0 0 0 7549747 
1 0 0 0 7549747 
1 0 0 0 7549747 
1 0 0 0 7549747 
1 0 0 0 7549747 
1 0 0 0 7549747 
1 0 0 0 7549747 
1 0 0 0 7549747 
1 0 0 0 7549747 
1 0 0 0 7549747 
1 0 0 0 7549747 
1 0 0 0 7549747 
1 0 0 0 7549747 
1 0 0 0 7549747 
1 0 0 0 7549747 
1 0 0 0 7549747 
1 0 0 0 7549747 
1 0 0 0 7549747 
1 0 0 0 7549747 
1 0 0 0 7549747 
1 0 0 0 7549747 
1 0 0 0 7549747 
1 0 0 0 7549747 
1 0 0 0 7549747 
1 0 0 0 7549747 
1 0 0 0 7549747 
1 0 0 0 7549747 
1 0 0 0 7549747 
1 0 0 0 7549747 
1 0 0 0 7549747 
1 0 0 0 7549747 
1 0 0 0 7549747 
1 0 0 0 7549747 
1 0 0 0 7549747 
1 0 0 0 7549747 
1 0 0 0 7549747 
1 0 0 0 7549747 
1 0 0 0 7549747 
1 0 0 0 7549747 
1 0 0 0 7549747 
1 0 0 0 7549747 
1 0 0 0 7549747 
1 0 0 0 7549747 
1 0 0 0 7549747 
1 0 0 0 7549747 
1 0 0 0 7549747 
1 0 0 0 7549747 
1 0 0 0 7549747 
1 0 0 0 7549747 
1 0 0 0 7549747 
1 0 0 0 7549747 
1 0 0 0 7549747 
1 0 0 0 7549747 
1 0 0 0 7549747 
1 0 0 0 7549747 
1 0 0 0 7549747 
1 0 0 0 7549747 
1 0 0 0 7549747 
1 0 0 0 7549747 
1 0 0 0 7549747 
1 0 0 0 7549747 
1 0 0 0 7549747 
1 0 0 0 7549747 
1 0 0 0 7549747 
1 0 0 0 7549747 
1 0 0 0 7549747 
1 0 0 0 7549747 
1 0 0 0 7549747 
1 0 0 0 7549747 
1 0 0 0 7549747 
1 0 0 0 7549747 
1 0 0 0 7549747 
1 0 0 0 7549747 
1 0 0 0 7549747 
1 0 0 0 7549747 
1 0 0 0 7549747 
1 0 0 0 7549747 
1 0 0 0 7549747 
1 0 0 0 7549747 
1 0 0 0 7549747 
1 0 0 0 7549747 
1 0 0 0 7549747 
1 0 0 0 7549747 
1 0 0 0 7549747 
1 0 0 0 7549747 
1 0 0 0 7549747 
1 0 0 0 7549747 
1 0 0 0 7549747 
1 0 0 0 7549747 
1 0 0 0 7549747 
1 0 0 0 7549747 
1 0 0 0 7549747 
1 0 0 0 7549747 
1 0 0 0 7549747 
1 0 0 0 7549747 
1 0 0 0 7549747 
1 0 0 0 7549747 
1 0 0 0 7549747 
1 0 0 0 7549747 
1 0 0 0 7549747 
1 0 0 0 7549747 
1 0 0 0 7549747 
1 0 0 0 7549747 
1 0 0 0 7549747 
1 0 0 0 7549747 
1 0 0 0 7549747 
1 0 0 0 7549747 
1 0 0 0 7549747 
1 0 0 0 7549747 
1 0 0 0 7549747 
1 0 0 0 7549747 
1 0 0 0 7549747 
1 0 0 0 7549747 
1 0 0 0 7549747 
1 0 0 0 7549747 
1 0 0 0 7549747 
1 0 0 0 7549747 
1 0 0 0 7549747 
1 0 0 0 7549747 
1 0 0 0 7549747 
1 0 0 0 7549747 
1 0 0 0 7549747 
1 0 0 0 7549747 
1 0 0 0 7549747 
1 0 0 0 7549747 
1 0 0 0 7549747 
1 0 0 0 7549747 
1 0 0 0 7549747 
1 0 0 0 7549747 
1 0 0 0 7549747 
1 0 0 0 7549747 
1 0 0 0 7549747 
1 0 0 0 7549747 
1 0 0 0 7549747 
1 0 0 0 7549747 
1 0 0 0 7549747 
1 0 0 0 7549747 
1 0 0 0 7549747 
1 0 0 0 7549747 
1 0 0 0 7549747 
1 0 0 0 7549747 
1 0 0 0 7549747 
1 0 0 0 7549747 
1 0 0 0 7549747 
1 0 0 0 7549747 
1 0 0 0 7549747 
1 0 0 0 7549747 
1 0 0 0 7549747 
1 0 0 0 7549747 
1 0 0 0 7549747 
1 0 0 0 7549747 
1 0 0 0 7549747 
1 0 0 0 7549747 
1 0 0 0 7549747 
1 0 0 0 7549747 
1 0 0 0 7549747 
1 0 0 0 7549747 
1 0 0 0 7549747 
1 0 0 0 7549747 
1 0 0 0 7549747 
1 0 0 0 7549747 
1 0 0 0 7549747 
1 0 0 0 7549747 
1 0 0 0 7549747 
1 0 0 0 7549747 
1 0 0 0 7549747 
1 0 0 0 7549747 
1 0 0 0 7549747 
1 0 0 0 7549747 
1 0 0 0 7549747 
1 0 0 0 7549747 
1 0 0 0 7549747 
1 0 0 0 7549747 
1 0 0 0 7549747 
1 0 0 0 7549747 
1 0 0 0 7549747 
1 0 0 0 7549747 
1 0 0 0 7549747 
1 0 0 0 7549747 
1 0 0 0 7549747 
1 0 0 0 7549747 
1 0 0 0 7549747 
1 0 0 0 7549747 
1 0 0 0 7549747 
1 0 0 0 7549747 
1 0 0 0 7549747 
1 0 0 0 7549747 
1 0 0 0 7549747 
1 0 0 0 7549747 
1 0 0 0 7549747 
1 0 0 0 7549747 
1 0 0 0 7549747 
1 0 0 0 7549747 
1 0 0 0 7549747 
1 0 0 0 7549747 
1 0 0 0 7549747 
1 0 0 0 7549747 
1 0 0 0 7549747 
1 0 0 0 7549747 
1 0 0 0 7549747 
1 0 0 0 7549747 
1 0 0 0 7549747 
1 0 0 0 7549747 
1 0 0 0 7549747 
1 0 0 0 7549747 
1 0 0 0 7549747 
1 0 0 0 7549747 
1 0 0 0 7549747 
1 0 0 0 7549747 
1 0 0 0 7549747 
1 0 0 0 7549747 
1 0 0 0 7549747 
1 0 0 0 7549747 
1 0 0 0 7549747 
1 0 0 0 7549747 
1 0 0 0 7549747 
1 0 0 0 7549747 
1 0 0 0 7549747 
1 0 0 0 7549747 
1 0 0 0 7549747 
1 0 0 0 7549747 
1 0 0 0 7549747 
1 0 0 0 7549747 
1 0 0 0 7549747 
1 0 0 0 7549747 
1 0 0 0 7549747 
1 0 0 0 7549747 
1 0 0 0 7549747 
1 0 0 0 7549747 
1 0 0 0 7549747 
1 0 0 0 7549747 
1 0 0 0 7549747 
1 0 0 0 7549747 
1 0 0 0 7549747 
1 0 0 0 7549747 
1 0 0 0 7549747 
1 0 0 0 7549747 
1 0 0 0 7549747 
1 0 0 0 7549747 
1 0 0 0 7549747 
1 0 0 0 7549747 
1 0 0 0 7549747 
1 0 0 0 7549747 
1 0 0 0 7549747 
1 0 0 0 7549747 
1 0 0 0 7549747 
1 0 0 0 7549747 
1 0 0 0 7549747 
1 0 0 0 7549747 
1 0 0 0 7549747 
1 0 0 0 7549747 
1 0 0 0 7549747 
1 0 0 0 7549747 
1 0 0 0 7549747 
1 0 0 0 7549747 
1 0 0 0 7549747 
1 0 0 0 7549747 
1 0 0 0 7549747 
1 0 0 0 7549747 
1 0 0 0 7549747 
1 0 0 0 7549747 
1 0 0 0 7549747 
1 0 0 0 7549747 
1 0 0 0 7549747 
1 0 0 0 7549747 
1 0 0 0 7549747 
1 0 0 0 7549747 
1 0 0 0 7549747 
1 0 0 0 7549747 
1 0 0 0 7549747 
1 0 0 0 7549747 
1 0 0 0 7549747 
1 0 0 0 7549747 
1 0 0 0 7549747 
1 0 0 0 7549747 
1 0 0 0 7549747 
1 0 0 0 7549747 
1 0 0 0 7549747 
1 0 0 0 7549747 
1 0 0 0 7549747 
1 0 0 0 7549747 
1 0 0 0 7549747 
1 0 0 0 7549747 
1 0 0 0 7549747 
1 0 0 0 7549747 
1 0 0 0 7549747 
1 0 0 0 7549747 
1 0 0 0 7549747 
1 0 0 0 7549747 
1 0 0 0 7549747 
1 0 0 0 7549747 
1 0 0 0 7549747 
1 0 0 0 7549747 
1 0 0 0 7549747 
1 0 0 0 7549747 
1 0 0 0 7549747 
1 0 0 0 7549747 
1 0 0 0 7549747 
1 0 0 0 7549747 
1 0 0 0 7549747 
1 0 0 0 7549747 
1 0 0 0 7549747 
1 0 0 0 7549747 
1 0 0 0 7549747 
1 0 0 0 7549747 
1 0 0 0 7549747 
1 0 0 0 7549747 
1 0 0 0 7549747 
1 0 0 0 7549747 
1 0 0 0 7549747 
1 0 0 0 7549747 
1 0 0 0 7549747 
1 0 0 0 7549747 
1 0 0 0 7549747 
1 0 0 0 7549747 
1 0 0 0 7549747 
1 0 0 0 7549747 
1 0 0 0 7549747 
1 0 0 0 7549747 
1 0 0 0 7549747 
1 0 0 0 7549747 
1 0 0 0 7549747 
1 0 0 0 7549747 
1 0 0 0 7549747 
1 0 0 0 7549747 
1 0 0 0 7549747 
1 0 0 0 7549747 
1 0 0 0 7549747 
1 0 0 0 7549747 
1 0 0 0 7549747 
1 0 0 0 7549747 
1 0 0 0 7549747 
1 0 0 0 7549747 
1 0 0 0 7549747 
1 0 0 0 7549747 
1 0 0 0 7549747 
1 0 0 0 7549747 
1 0 0 0 7549747 
1 0 0 0 7549747 
1 0 0 0 7549747 
1 0 0 0 7549747 
1 0 0 0 7549747 
1 0 0 0 7549747 
1 0 0 0 7549747 
1 0 0 0 7549747 
1 0 0 0 7549747 
1 0 0 0 7549747 
1 0 0 0 7549747 
1 0 0 0 7549747 
1 0 0 0 7549747 
1 0 0 0 7549747 
1 0 0 0 7549747 
1 0 0 0 7549747 
1 0 0 0 7549747 
1 0 0 0 7549747 
1 0 0 0 7549747 
1 0 0 0 7549747 
1 0 0 0 7549747 
1 0 0 0 7549747 
1 0 0 0 7549747 
1 0 0 0 7549747 
1 0 0 0 7549747 
1 0 0 0 7549747 
1 0 0 0 7549747 
1 0 0 0 7549747 
1 0 0 0 7549747 
1 0 0 0 7549747 
1 0 0 0 7549747 
1 0 0 0 7549747 
1 0 0 0 7549747 
1 0 0 0 7549747 
1 0 0 0 7549747 
1 0 0 0 7549747 
1 0 0 0 7549747 
1 0 0 0 7549747 
1 0 0 0 7549747 
1 0 0 0 7549747 
1 0 0 0 7549747 
1 0 0 0 7549747 
1 0 0 0 7549747 
1 0 0 0 7549747 
1 0 0 0 7549747 
1 0 0 0 7549747 
1 0 0 0 7549747 
1 0 0 0 7549747 
1 0 0 0 7549747 
1 0 0 0 7549747 
1 0 0 0 7549747 
1 0 0 0 7549747 
1 0 0 0 7549747 
1 0 0 0 7549747 
1 0 0 0 7549747 
1 0 0 0 7549747 
1 0 0 0 7549747 
1 0 0 0 7549747 
1 0 0 0 7549747 
1 0 0 0 7549747 
1 0 0 0 7549747 
1 0 0 0 7549747 
1 0 0 0 7549747 
1 0 0 0 7549747 
1 0 0 0 7549747 
1 0 0 0 7549747 
1 0 0 0 7549747 
1 0 0 0 7549747 
1 0 0 0 7549747 
1 0 0 0 7549747 
1 0 0 0 7549747 
1 0 0 0 7549747 
1 0 0 0 7549747 
1 0 0 0 7549747 
1 0 0 0 7549747 
1 0 0 0 7549747 
1 0 0 0 7549747 
1 0 0 0 7549747 
1 0 0 0 7549747 
1 0 0 0 7549747 
1 0 0 0 7549747 
1 0 0 0 7549747 
1 0 0 0 7549747 
1 0 0 0 7549747 
1 0 0 0 7549747 
1 0 0 0 7549747 
1 0 0 0 7549747 
1 0 0 0 7549747 
1 0 0 0 7549747 
1 0 0 0 7549747 
1 0 0 0 7549747 
1 0 0 0 7549747 
1 0 0 0 7549747 
1 0 0 0 7549747 
1 0 0 0 7549747 
1 0 0 0 7549747 
1 0 0 0 7549747 
1 0 0 0 7549747 
1 0 0 0 7549747 
1 0 0 0 7549747 
1 0 0 0 7549747 
1 0 0 0 7549747 
1 0 0 0 7549747 
1 0 0 0 7549747 
1 0 0 0 7549747 
1 0 0 0 7549747 
1 0 0 0 7549747 
1 0 0 0 7549747 
1 0 0 0 7549747 
1 0 0 0 7549747 
1 0 0 0 7549747 
1 0 0 0 7549747 
1 0 0 0 7549747 
1 0 0 0 7549747 
1 0 0 0 7549747 
1 0 0 0 7549747 
1 0 0 0 7549747 
1 0 0 0 7549747 
1 0 0 0 7549747 
1 0 0 0 7549747 
1 0 0 0 7549747 
1 0 0 0 7549747 
1 0 0 0 7549747 
1 0 0 0 7549747 
1 0 0 0 7549747 
1 0 0 0 7549747 
1 0 0 0 7549747 
1 0 0 0 7549747 
1 0 0 0 7549747 
1 0 0 0 7549747 
1 0 0 0 7549747 
1 0 0 0 7549747 
1 0 0 0 7549747 
1 0 0 0 7549747 
1 0 0 0 7549747 
