x 
x 
x 
x 
x 
x 
x 
x 
x 
x 
x 
x 
x 
x 
x 
x 
x 
x 
x 
x 
x 
x 
x 
x 
x 
x 
x 
x 
x 
x 
x 
x 
x 
x 
x 
x 
x 
0 
0 
0 
0 
0 
0 
0 
242842 
242842 
242842 
242842 
242842 
242842 
242842 
242842 
984078 
984078 
984078 
984078 
984078 
984078 
984078 
984078 
1781953 
1781953 
1781953 
1781953 
1781953 
1781953 
1781953 
1781953 
2184791 
2184791 
2184791 
2184791 
2184791 
2184791 
2184791 
2184791 
1440944 
1440944 
1440944 
1440944 
1440944 
1440944 
1440944 
1440944 
-236251 
-236251 
-236251 
-236251 
-236251 
-236251 
-236251 
-236251 
-433878 
-433878 
-433878 
-433878 
-433878 
-433878 
-433878 
-433878 
169193 
169193 
169193 
169193 
169193 
169193 
169193 
169193 
285090 
285090 
285090 
285090 
285090 
285090 
285090 
285090 
274568 
274568 
274568 
274568 
274568 
274568 
274568 
274568 
166132 
166132 
166132 
166132 
166132 
166132 
166132 
166132 
144930 
144930 
144930 
144930 
144930 
144930 
144930 
144930 
-44064 
-44064 
-44064 
-44064 
-44064 
-44064 
-44064 
-44064 
-728129 
-728129 
-728129 
-728129 
-728129 
-728129 
-728129 
-728129 
-876991 
-876991 
-876991 
-876991 
-876991 
-876991 
-876991 
-876991 
-364257 
-364257 
-364257 
-364257 
-364257 
-364257 
-364257 
-364257 
-115704 
-115704 
-115704 
-115704 
-115704 
-115704 
-115704 
-115704 
-233093 
-233093 
-233093 
-233093 
-233093 
-233093 
-233093 
-233093 
-1010663 
-1010663 
-1010663 
-1010663 
-1010663 
-1010663 
-1010663 
-1010663 
-1425073 
-1425073 
-1425073 
-1425073 
-1425073 
-1425073 
-1425073 
-1425073 
-1133391 
-1133391 
-1133391 
-1133391 
-1133391 
-1133391 
-1133391 
-1133391 
-1076867 
-1076867 
-1076867 
-1076867 
-1076867 
-1076867 
-1076867 
-1076867 
-962083 
-962083 
-962083 
-962083 
-962083 
-962083 
-962083 
-962083 
-967569 
-967569 
-967569 
-967569 
-967569 
-967569 
-967569 
-967569 
-346968 
-346968 
-346968 
-346968 
-346968 
-346968 
-346968 
-346968 
774162 
774162 
774162 
774162 
774162 
774162 
774162 
774162 
1227055 
1227055 
1227055 
1227055 
1227055 
1227055 
1227055 
1227055 
311283 
311283 
311283 
311283 
311283 
311283 
311283 
311283 
-816899 
-816899 
-816899 
-816899 
-816899 
-816899 
-816899 
-816899 
-976721 
-976721 
-976721 
-976721 
-976721 
-976721 
-976721 
-976721 
-1180169 
-1180169 
-1180169 
-1180169 
-1180169 
-1180169 
-1180169 
-1180169 
-1056580 
-1056580 
-1056580 
-1056580 
-1056580 
-1056580 
-1056580 
-1056580 
24020 
24020 
24020 
24020 
24020 
24020 
24020 
24020 
473817 
473817 
473817 
473817 
473817 
473817 
473817 
473817 
488172 
488172 
488172 
488172 
488172 
488172 
488172 
488172 
708335 
708335 
708335 
708335 
708335 
708335 
708335 
708335 
738724 
738724 
738724 
738724 
738724 
738724 
738724 
738724 
743308 
743308 
743308 
743308 
743308 
743308 
743308 
743308 
-215344 
-215344 
-215344 
-215344 
-215344 
-215344 
-215344 
-215344 
-408522 
-408522 
-408522 
-408522 
-408522 
-408522 
-408522 
-408522 
231119 
231119 
231119 
231119 
231119 
231119 
231119 
231119 
-302042 
-302042 
-302042 
-302042 
-302042 
-302042 
-302042 
-302042 
-904485 
-904485 
-904485 
-904485 
-904485 
-904485 
-904485 
-904485 
-761546 
-761546 
-761546 
-761546 
-761546 
-761546 
-761546 
-761546 
261087 
261087 
261087 
261087 
261087 
261087 
261087 
261087 
720420 
720420 
720420 
720420 
720420 
720420 
720420 
720420 
14468 
14468 
14468 
14468 
14468 
14468 
14468 
14468 
-533208 
-533208 
-533208 
-533208 
-533208 
-533208 
-533208 
-533208 
-597761 
-597761 
-597761 
-597761 
-597761 
-597761 
-597761 
-597761 
-83643 
-83643 
-83643 
-83643 
-83643 
-83643 
-83643 
-83643 
-142675 
-142675 
-142675 
-142675 
-142675 
-142675 
-142675 
-142675 
-1079817 
-1079817 
-1079817 
-1079817 
-1079817 
-1079817 
-1079817 
-1079817 
-900935 
-900935 
-900935 
-900935 
-900935 
-900935 
-900935 
-900935 
-205129 
-205129 
-205129 
-205129 
-205129 
-205129 
-205129 
-205129 
-215333 
-215333 
-215333 
-215333 
-215333 
-215333 
-215333 
-215333 
306041 
306041 
306041 
306041 
306041 
306041 
306041 
306041 
127781 
127781 
127781 
127781 
127781 
127781 
127781 
127781 
-416274 
-416274 
-416274 
-416274 
-416274 
-416274 
-416274 
-416274 
-659733 
-659733 
-659733 
-659733 
-659733 
-659733 
-659733 
-659733 
-1035944 
-1035944 
-1035944 
-1035944 
-1035944 
-1035944 
-1035944 
-1035944 
-505350 
-505350 
-505350 
-505350 
-505350 
-505350 
-505350 
-505350 
292022 
292022 
292022 
292022 
292022 
292022 
292022 
292022 
539750 
539750 
539750 
539750 
539750 
539750 
539750 
539750 
843391 
843391 
843391 
843391 
843391 
843391 
843391 
843391 
756581 
756581 
756581 
756581 
756581 
756581 
756581 
756581 
389313 
389313 
389313 
389313 
389313 
389313 
389313 
389313 
-150855 
-150855 
-150855 
-150855 
-150855 
-150855 
-150855 
-150855 
203117 
203117 
203117 
203117 
203117 
203117 
203117 
203117 
51765 
51765 
51765 
51765 
51765 
51765 
51765 
51765 
-826295 
-826295 
-826295 
-826295 
-826295 
-826295 
-826295 
-826295 
-523928 
-523928 
-523928 
-523928 
-523928 
-523928 
-523928 
-523928 
162100 
162100 
162100 
162100 
162100 
162100 
162100 
162100 
1230992 
1230992 
1230992 
1230992 
1230992 
1230992 
1230992 
1230992 
1733714 
1733714 
1733714 
1733714 
1733714 
1733714 
1733714 
1733714 
353564 
353564 
353564 
353564 
353564 
353564 
353564 
353564 
-520543 
-520543 
-520543 
-520543 
-520543 
-520543 
-520543 
-520543 
432873 
432873 
432873 
432873 
432873 
432873 
432873 
432873 
1959904 
1959904 
1959904 
1959904 
1959904 
1959904 
1959904 
1959904 
2216740 
2216740 
2216740 
2216740 
2216740 
2216740 
2216740 
2216740 
1763396 
1763396 
1763396 
1763396 
1763396 
1763396 
1763396 
1763396 
1259969 
1259969 
1259969 
1259969 
1259969 
1259969 
1259969 
1259969 
-859604 
-859604 
-859604 
-859604 
-859604 
-859604 
-859604 
-859604 
-2358056 
-2358056 
-2358056 
-2358056 
-2358056 
-2358056 
-2358056 
-2358056 
-1556920 
-1556920 
-1556920 
-1556920 
-1556920 
-1556920 
-1556920 
-1556920 
-909373 
-909373 
-909373 
-909373 
-909373 
-909373 
-909373 
-909373 
-532294 
-532294 
-532294 
-532294 
-532294 
-532294 
-532294 
-532294 
325564 
325564 
325564 
325564 
325564 
325564 
325564 
325564 
297879 
297879 
297879 
297879 
297879 
297879 
297879 
297879 
-523446 
-523446 
-523446 
-523446 
-523446 
-523446 
-523446 
-523446 
-313597 
-313597 
-313597 
-313597 
-313597 
-313597 
-313597 
-313597 
100286 
100286 
100286 
100286 
100286 
100286 
100286 
100286 
-482342 
-482342 
-482342 
-482342 
-482342 
-482342 
-482342 
-482342 
-695192 
-695192 
-695192 
-695192 
-695192 
-695192 
-695192 
-695192 
-1460091 
-1460091 
-1460091 
-1460091 
-1460091 
-1460091 
-1460091 
-1460091 
-2418305 
-2418305 
-2418305 
-2418305 
-2418305 
-2418305 
-2418305 
-2418305 
-2283410 
-2283410 
-2283410 
-2283410 
-2283410 
-2283410 
-2283410 
-2283410 
-1458657 
-1458657 
-1458657 
-1458657 
-1458657 
-1458657 
-1458657 
-1458657 
-588957 
-588957 
-588957 
-588957 
-588957 
-588957 
-588957 
-588957 
-72121 
-72121 
-72121 
-72121 
-72121 
-72121 
-72121 
-72121 
-142123 
-142123 
-142123 
-142123 
-142123 
-142123 
-142123 
-142123 
-250757 
-250757 
-250757 
-250757 
-250757 
-250757 
-250757 
-250757 
-12528 
-12528 
-12528 
-12528 
-12528 
-12528 
-12528 
-12528 
363627 
363627 
363627 
363627 
363627 
363627 
363627 
363627 
58629 
58629 
58629 
58629 
58629 
58629 
58629 
58629 
-961018 
-961018 
-961018 
-961018 
-961018 
-961018 
-961018 
-961018 
-1674027 
-1674027 
-1674027 
-1674027 
-1674027 
-1674027 
-1674027 
-1674027 
-1177416 
-1177416 
-1177416 
-1177416 
-1177416 
-1177416 
-1177416 
-1177416 
-150880 
-150880 
-150880 
-150880 
-150880 
-150880 
-150880 
-150880 
-440511 
-440511 
-440511 
-440511 
-440511 
-440511 
-440511 
-440511 
-1571004 
-1571004 
-1571004 
-1571004 
-1571004 
-1571004 
-1571004 
-1571004 
-2665944 
-2665944 
-2665944 
-2665944 
-2665944 
-2665944 
-2665944 
-2665944 
-2965851 
-2965851 
-2965851 
-2965851 
-2965851 
-2965851 
-2965851 
-2965851 
-1884628 
-1884628 
-1884628 
-1884628 
-1884628 
-1884628 
-1884628 
-1884628 
-925173 
-925173 
-925173 
-925173 
-925173 
-925173 
-925173 
-925173 
-541056 
-541056 
-541056 
-541056 
-541056 
-541056 
-541056 
-541056 
-278251 
-278251 
-278251 
-278251 
-278251 
-278251 
-278251 
-278251 
-285766 
-285766 
-285766 
-285766 
-285766 
-285766 
-285766 
-285766 
-322891 
-322891 
-322891 
-322891 
-322891 
-322891 
-322891 
-322891 
64797 
64797 
64797 
64797 
64797 
64797 
64797 
64797 
158652 
158652 
158652 
158652 
158652 
158652 
158652 
158652 
167561 
167561 
167561 
167561 
167561 
167561 
167561 
167561 
-201226 
-201226 
-201226 
-201226 
-201226 
-201226 
-201226 
-201226 
-302946 
-302946 
-302946 
-302946 
-302946 
-302946 
-302946 
-302946 
389490 
389490 
389490 
389490 
389490 
389490 
389490 
389490 
1088350 
