x
x
x
x
x
x
x
x
x
x
x
x
x
x
x
x
x
x
x
x
x
x
x
x
x
x
x
x
x
x
x
x
x
x
0
0
0
0
0
0
0
-410761984
-410761984
-410761984
-410761984
-410761984
-410761984
-410761984
-410761984
-1269040128
-1269040128
-1269040128
-1269040128
-1269040128
-1269040128
-1269040128
-1269040128
1907930880
1907930880
1907930880
1907930880
1907930880
1907930880
1907930880
1907930880
748094463
748094463
748094463
748094463
748094463
748094463
748094463
748094463
-348151552
-348151552
-348151552
-348151552
-348151552
-348151552
-348151552
-348151552
-1383427585
-1383427585
-1383427585
-1383427585
-1383427585
-1383427585
-1383427585
-1383427585
1934839296
1934839296
1934839296
1934839296
1934839296
1934839296
1934839296
1934839296
1014485759
1014485759
1014485759
1014485759
1014485759
1014485759
1014485759
1014485759
148303103
148303103
148303103
148303103
148303103
148303103
148303103
148303103
-665831936
-665831936
-665831936
-665831936
-665831936
-665831936
-665831936
-665831936
-1430083584
-1430083584
-1430083584
-1430083584
-1430083584
-1430083584
-1430083584
-1430083584
-2146411520
-2146411520
-2146411520
-2146411520
-2146411520
-2146411520
-2146411520
-2146411520
1478341631
1478341631
1478341631
1478341631
1478341631
1478341631
1478341631
1478341631
852471551
852471551
852471551
852471551
852471551
852471551
852471551
852471551
269083391
269083391
269083391
269083391
269083391
269083391
269083391
269083391
-273491968
-273491968
-273491968
-273491968
-273491968
-273491968
-273491968
-273491968
-776259584
-776259584
-776259584
-776259584
-776259584
-776259584
-776259584
-776259584
-1240918529
-1240918529
-1240918529
-1240918529
-1240918529
-1240918529
-1240918529
-1240918529
-1669131521
-1669131521
-1669131521
-1669131521
-1669131521
-1669131521
-1669131521
-1669131521
-2062595841
-2062595841
-2062595841
-2062595841
-2062595841
-2062595841
-2062595841
-2062595841
1872255743
1872255743
1872255743
1872255743
1872255743
1872255743
1872255743
1872255743
1544249856
1544249856
1544249856
1544249856
1544249856
1544249856
1544249856
1544249856
1247131647
1247131647
1247131647
1247131647
1247131647
1247131647
1247131647
1247131647
979693567
979693567
979693567
979693567
979693567
979693567
979693567
979693567
740649471
740649471
740649471
740649471
740649471
740649471
740649471
740649471
528884479
528884479
528884479
528884479
528884479
528884479
528884479
528884479
343400704
343400704
343400704
343400704
343400704
343400704
343400704
343400704
183208447
183208447
183208447
183208447
183208447
183208447
183208447
183208447
47192320
47192320
47192320
47192320
47192320
47192320
47192320
47192320
-65595393
-65595393
-65595393
-65595393
-65595393
-65595393
-65595393
-65595393
-155993856
-155993856
-155993856
-155993856
-155993856
-155993856
-155993856
-155993856
-224844288
-224844288
-224844288
-224844288
-224844288
-224844288
-224844288
-224844288
-272600321
-272600321
-272600321
-272600321
-272600321
-272600321
-272600321
-272600321
-300243457
-300243457
-300243457
-300243457
-300243457
-300243457
-300243457
-300243457
-308664321
-308664321
-308664321
-308664321
-308664321
-308664321
-308664321
-308664321
-298701056
-298701056
-298701056
-298701056
-298701056
-298701056
-298701056
-298701056
-271134465
-271134465
-271134465
-271134465
-271134465
-271134465
-271134465
-271134465
-226650369
-226650369
-226650369
-226650369
-226650369
-226650369
-226650369
-226650369
-166032640
-166032640
-166032640
-166032640
-166032640
-166032640
-166032640
-166032640
-89914368
-89914368
-89914368
-89914368
-89914368
-89914368
-89914368
-89914368
1168895
1168895
1168895
1168895
1168895
1168895
1168895
1168895
106671872
106671872
106671872
106671872
106671872
106671872
106671872
106671872
225908480
225908480
225908480
225908480
225908480
225908480
225908480
225908480
358340608
358340608
358340608
358340608
358340608
358340608
358340608
358340608
503522047
503522047
503522047
503522047
503522047
503522047
503522047
503522047
660991487
660991487
660991487
660991487
660991487
660991487
660991487
660991487
830273023
830273023
830273023
830273023
830273023
830273023
830273023
830273023
1010782464
1010782464
1010782464
1010782464
1010782464
1010782464
1010782464
1010782464
1202079232
1202079232
1202079232
1202079232
1202079232
1202079232
1202079232
1202079232
1403927808
1403927808
1403927808
1403927808
1403927808
1403927808
1403927808
1403927808
1616287744
1616287744
1616287744
1616287744
1616287744
1616287744
1616287744
1616287744
1838666752
1838666752
1838666752
1838666752
1838666752
1838666752
1838666752
1838666752
2070347007
2070347007
2070347007
2070347007
2070347007
2070347007
2070347007
2070347007
-1984163585
-1984163585
-1984163585
-1984163585
-1984163585
-1984163585
-1984163585
-1984163585
-1735201536
-1735201536
-1735201536
-1735201536
-1735201536
-1735201536
-1735201536
-1735201536
-1478025216
-1478025216
-1478025216
-1478025216
-1478025216
-1478025216
-1478025216
-1478025216
-1213076737
-1213076737
-1213076737
-1213076737
-1213076737
-1213076737
-1213076737
-1213076737
-940661249
-940661249
-940661249
-940661249
-940661249
-940661249
-940661249
-940661249
-660997632
-660997632
-660997632
-660997632
-660997632
-660997632
-660997632
-660997632
-374332416
-374332416
-374332416
-374332416
-374332416
-374332416
-374332416
-374332416
-80933889
-80933889
-80933889
-80933889
-80933889
-80933889
-80933889
-80933889
218814464
218814464
218814464
218814464
218814464
218814464
218814464
218814464
524663552
524663552
524663552
524663552
524663552
524663552
524663552
524663552
836447231
836447231
836447231
836447231
836447231
836447231
836447231
836447231
1153975808
1153975808
1153975808
1153975808
1153975808
1153975808
1153975808
1153975808
1476904192
1476904192
1476904192
1476904192
1476904192
1476904192
1476904192
1476904192
1805602815
1805602815
1805602815
1805602815
1805602815
1805602815
1805602815
1805602815
2139705343
2139705343
2139705343
2139705343
2139705343
2139705343
2139705343
2139705343
-1816152832
-1816152832
-1816152832
-1816152832
-1816152832
-1816152832
-1816152832
-1816152832
-1472372481
-1472372481
-1472372481
-1472372481
-1472372481
-1472372481
-1472372481
-1472372481
-1124224769
-1124224769
-1124224769
-1124224769
-1124224769
-1124224769
-1124224769
-1124224769
-771879424
-771879424
-771879424
-771879424
-771879424
-771879424
-771879424
-771879424
-415428608
-415428608
-415428608
-415428608
-415428608
-415428608
-415428608
-415428608
-54994432
-54994432
-54994432
-54994432
-54994432
-54994432
-54994432
-54994432
309273855
309273855
309273855
309273855
309273855
309273855
309273855
309273855
677105664
677105664
677105664
677105664
677105664
677105664
677105664
677105664
1048362496
1048362496
1048362496
1048362496
1048362496
1048362496
1048362496
1048362496
1422983424
1422983424
1422983424
1422983424
1422983424
1422983424
1422983424
1422983424
1800879104
1800879104
1800879104
1800879104
1800879104
1800879104
1800879104
1800879104
-2113165825
-2113165825
-2113165825
-2113165825
-2113165825
-2113165825
-2113165825
-2113165825
-1729334272
-1729334272
-1729334272
-1729334272
-1729334272
-1729334272
-1729334272
-1729334272
-1342634497
-1342634497
-1342634497
-1342634497
-1342634497
-1342634497
-1342634497
-1342634497
-953139968
-953139968
-953139968
-953139968
-953139968
-953139968
-953139968
-953139968
-560567297
-560567297
-560567297
-560567297
-560567297
-560567297
-560567297
-560567297
-165190144
-165190144
-165190144
-165190144
-165190144
-165190144
-165190144
-165190144
232782079
232782079
232782079
232782079
232782079
232782079
232782079
232782079
633165056
633165056
633165056
633165056
633165056
633165056
633165056
633165056
1035804672
1035804672
1035804672
1035804672
1035804672
1035804672
1035804672
1035804672
1440618495
1440618495
1440618495
1440618495
1440618495
1440618495
1440618495
1440618495
1847402496
1847402496
1847402496
1847402496
1847402496
1847402496
1847402496
1847402496
-2038887169
-2038887169
-2038887169
-2038887169
-2038887169
-2038887169
-2038887169
-2038887169
-1628316161
-1628316161
-1628316161
-1628316161
-1628316161
-1628316161
-1628316161
-1628316161
-1215883265
-1215883265
-1215883265
-1215883265
-1215883265
-1215883265
-1215883265
-1215883265
-801781761
-801781761
-801781761
-801781761
-801781761
-801781761
-801781761
-801781761
-386074881
-386074881
-386074881
-386074881
-386074881
-386074881
-386074881
-386074881
31247615
31247615
31247615
31247615
31247615
31247615
31247615
31247615
450160640
450160640
450160640
450160640
450160640
450160640
450160640
450160640
870608639
870608639
870608639
870608639
870608639
870608639
870608639
870608639
1292412160
1292412160
1292412160
1292412160
1292412160
1292412160
1292412160
1292412160
1715518976
1715518976
1715518976
1715518976
1715518976
1715518976
1715518976
1715518976
2139951616
2139951616
2139951616
2139951616
2139951616
2139951616
2139951616
2139951616
-1729265664
-1729265664
-1729265664
-1729265664
-1729265664
-1729265664
-1729265664
-1729265664
-1301741312
-1301741312
-1301741312
-1301741312
-1301741312
-1301741312
-1301741312
-1301741312
-872737281
-872737281
-872737281
-872737281
-872737281
-872737281
-872737281
-872737281
-442539777
-442539777
-442539777
-442539777
-442539777
-442539777
-442539777
-442539777
-11294209
-11294209
-11294209
-11294209
-11294209
-11294209
-11294209
-11294209
420999936
420999936
420999936
420999936
420999936
420999936
420999936
420999936
854182911
854182911
854182911
854182911
854182911
854182911
854182911
854182911
1288220160
1288220160
1288220160
1288220160
1288220160
1288220160
1288220160
1288220160
1723152896
1723152896
1723152896
1723152896
1723152896
1723152896
1723152896
1723152896
-2135982848
-2135982848
-2135982848
-2135982848
-2135982848
-2135982848
-2135982848
-2135982848
-1699281409
-1699281409
-1699281409
-1699281409
-1699281409
-1699281409
-1699281409
-1699281409
-1261863937
-1261863937
-1261863937
-1261863937
-1261863937
-1261863937
-1261863937
-1261863937
-823756289
-823756289
-823756289
-823756289
-823756289
-823756289
-823756289
-823756289
-384912385
-384912385
-384912385
-384912385
-384912385
-384912385
-384912385
-384912385
54681343
54681343
54681343
54681343
54681343
54681343
54681343
54681343
494876415
494876415
494876415
494876415
494876415
494876415
494876415
494876415
935651840
935651840
935651840
935651840
935651840
935651840
935651840
935651840
1377057280
1377057280
1377057280
1377057280
1377057280
1377057280
1377057280
1377057280
1819106047
1819106047
1819106047
1819106047
1819106047
1819106047
1819106047
1819106047
-2032798976
-2032798976
-2032798976
-2032798976
-2032798976
-2032798976
-2032798976
-2032798976
-1588917505
-1588917505
-1588917505
-1588917505
-1588917505
-1588917505
-1588917505
-1588917505
-1144346112
-1144346112
-1144346112
-1144346112
-1144346112
-1144346112
-1144346112
-1144346112
-699197184
-699197184
-699197184
-699197184
-699197184
-699197184
-699197184
-699197184
-253551104